524.4344 572.4071 535.7725 487.7998 8.632858 32.3302 106.49304 82.7957 तरह
123.85837 142.29773 134.8964 116.45702 72.08508 85.159225 95.597855 82.52371 कर
271.55667 317.2239 308.02408 262.35684 134.01651 165.47366 178.82932 147.37216 पर
11.48324 71.67669 77.29783 17.10438 134.15997 111.45233 126.352844 149.06049 असक्षम
7.7528915 47.321243 54.18492 14.6165695 158.16075 143.63301 162.32722 176.85497 लोग
355.72803 437.89313 438.20392 356.03882 265.4795 265.1187 335.89325 336.25403 देख
1.1606503 28.185911 28.37168 1.3464184 54.276817 54.048653 76.05265 76.280815 हम
487.87454 515.3391 492.75394 465.2894 4.187065 16.76012 66.094986 53.52193 हम
100.841545 284.47937 285.25653 101.618706 165.38786 164.51428 327.88892 328.7625 कोई
101.50107 260.21432 260.20517 101.491905 353.06418 353.08035 443.10605 443.08987 मना
361.0331 513.9375 514.72766 361.82327 147.15799 145.87796 240.26187 241.5419 रख
