49.571014 149.69524 135.2505 35.126278 373.2672 417.82648 450.28363 405.72437 और
153.84412 213.23746 212.09729 152.70395 305.01465 305.8192 389.984 389.17944 यह
445.2802 459.90338 459.54333 444.92017 402.10367 402.34433 424.21964 423.97897 हम
62.15947 137.1108 125.47148 50.52016 336.02863 370.7176 395.86627 361.1773 हुए
66.01688 106.0611 105.97566 65.93144 201.59521 201.78452 219.85657 219.66727 सब
332.75885 403.77747 403.8227 332.80408 57.70786 57.621223 94.685 94.77163 उम्र
437.245 582.5216 582.56604 437.28943 56.554424 56.37542 92.46161 92.64062 लगभग
332.80292 430.78363 430.81104 332.83032 130.58458 130.50798 165.55135 165.62794 साल
440.6442 497.14792 488.42673 431.923 441.56268 465.97986 486.16156 461.7444 पर
208.45439 253.03255 253.09337 208.51521 347.13226 347.0677 389.03394 389.0985 कोष
13.247162 134.0769 134.05383 13.224084 18.843422 18.903694 65.152 65.09173 आज
6.693245 102.58721 102.46644 6.5724707 119.111755 119.362335 165.58139 165.33081 कर
383.9522 422.9964 423.02545 383.98126 13.7593155 13.6965065 31.73838 31.80119 गया
