374.9782 414.9911 415.0152 375.00232 124.95074 124.91632 152.95059 152.98502 पर
445.92227 469.8054 469.2441 445.361 388.08234 388.47754 422.39612 422.00092 हम
446.1097 500.6832 495.01364 440.44016 441.57645 465.1052 478.25534 454.7266 तरह
44.108368 115.75188 109.35368 37.710175 405.3884 436.2529 451.10458 420.24008 उसकी
335.91302 452.9867 453.03546 335.9618 20.258085 20.085262 53.140076 53.3129 एकता
337.04715 444.06955 444.10556 337.08316 82.75206 82.63542 115.6718 115.78844 बनाए
466.9752 566.20105 566.2554 467.0295 66.54981 66.44228 116.54102 116.64855 रखने
15.446232 99.248 99.26456 15.462788 9.016306 9.001625 103.47952 103.4942 हुई
16.564102 139.55933 139.39447 16.399248 136.58882 136.95546 192.26067 191.89403 तरह
19.687286 78.67253 78.53583 19.55058 196.98041 197.23132 229.36804 229.11713 हमसे
20.791077 68.82273 68.66032 20.628664 242.72522 242.97583 274.10205 273.85144 और
40.918327 123.79185 111.56678 28.69326 354.7325 392.1152 419.2169 381.8342 यह
