20.121223 104.985115 104.94883 20.084938 30.88266 30.946518 79.1763 79.11244 तितर
180.61627 214.89258 213.82748 179.55118 310.7274 311.52554 357.26505 356.4669 भरी
446.38336 470.26965 469.6552 445.76892 385.07642 385.47388 422.4001 422.00262 बढ़
435.7217 493.71213 484.96115 426.97073 445.28366 470.48758 490.62228 465.41837 वह
364.05725 462.12195 462.1795 364.1148 88.28305 88.201416 157.31609 157.39772 और
495.2413 579.4397 579.47974 495.28134 109.1785 109.10841 157.21844 157.28853 सब
14.762833 121.67437 121.57097 14.659432 87.2406 87.44809 140.72147 140.51398 अभी
12.587814 100.534065 100.387146 12.440896 177.6948 178.0332 216.21298 215.87457 बात
138.96269 179.66884 179.25383 138.54768 311.31024 311.64313 362.38715 362.05426 उसी
327.96426 392.9838 393.03043 328.0109 41.893337 41.80686 76.87019 76.956665 कर
213.8689 254.6792 254.73465 213.92435 350.8241 350.76495 389.03156 389.0907 अप्रैल
536.37476 579.53845 579.58386 536.42017 10.484343 10.417046 39.51197 39.57927 और
535.2574 580.4062 580.4422 535.2934 56.62072 56.562904 84.643135 84.70095 हिल
39.46956 129.58815 116.83763 26.719036 346.8071 387.72733 415.80783 374.8876 हित
39.198914 132.07304 118.81328 25.939148 396.84006 437.0964 467.6876 427.43124 लिए
