9.736038 115.552185 115.52469 9.708539 11.822365 11.859474 90.25023 90.21312 पर
9.761871 115.8265 115.55368 9.489052 160.2349 160.604 238.99835 238.62924 पर
163.51654 233.25592 233.32837 163.58899 337.93405 337.82382 383.66458 383.7748 मटकी
422.89685 579.23157 579.3253 422.9906 45.65302 45.531204 165.83606 165.95787 कटाई
193.55396 257.66013 258.92102 194.81485 47.09563 43.14485 63.604214 67.55499 जब
449.13443 468.92062 468.35403 448.56784 392.1767 392.5185 425.3191 424.9773 कह
159.37248 191.81618 191.22243 158.77873 307.29446 307.79935 345.9553 345.4504 उस
325.97528 394.98645 395.03772 326.02655 65.92557 65.84874 111.92023 111.997055 इस
439.59857 504.3429 495.2127 430.46838 434.08865 461.87375 483.1487 455.36362 कर
182.44234 237.09557 238.29408 183.64085 22.9494 19.435566 38.07692 41.590755 वह
