448.82877 470.24716 469.78403 448.36563 386.15012 386.51816 413.46902 413.10098 कर
7.1744843 128.9982 128.95567 7.1319513 23.853943 23.927574 94.298325 94.22469 यह
181.85779 263.7838 265.64804 183.72202 47.81645 42.767464 73.01671 78.0657 और
33.648705 104.95748 97.7508 26.442024 403.10114 433.75653 450.52026 419.86487 घर
430.2987 491.27478 482.953 421.97693 445.2621 471.82434 490.92773 464.36548 कर
155.64523 215.88892 214.87347 154.62979 308.76422 309.62073 381.04175 380.18524 खर्च
182.07552 251.38753 252.75713 183.44511 23.859928 19.410229 40.74425 45.19395 अपने
4.2194595 94.19287 93.98808 4.014671 205.33745 205.73616 251.94792 251.54921 सकते
44.507843 156.28734 134.28221 22.502716 345.00168 393.157 444.23587 396.08054 गई
458.5366 502.0372 495.54404 452.04343 437.50122 456.0832 471.2838 452.70184 डर
