395.87067 541.1692 541.28925 395.99072 5.6259723 5.4677963 115.766304 115.92448 और
19.13945 139.21992 138.98692 18.906452 112.12331 112.41933 206.94023 206.64421 गई
458.04153 468.87625 468.5139 457.67917 394.3779 394.58652 413.4039 413.19528 घर
226.86778 276.25995 277.4759 228.08376 41.478874 38.416115 58.025566 61.088326 और
335.38687 402.37558 402.41098 335.42227 119.975494 119.92288 164.97302 165.02563 हर
436.69547 564.88196 564.91406 436.72757 119.886375 119.780914 158.83371 158.93918 तरफ
153.63986 219.17749 218.21732 152.67969 320.0924 320.98022 391.85828 390.97046 उसने
5.184021 127.99738 127.95441 5.1410465 26.860748 26.94278 91.28038 91.19835 सब
443.1952 457.85046 457.59546 442.9402 404.06693 404.30142 420.2404 420.0059 बाग
182.30634 248.78992 250.27972 183.79614 21.1842 16.897099 40.000546 44.287647 करने
456.57697 498.3747 492.2635 450.46576 448.4478 466.51 480.65186 462.58966 उस
326.98465 372.98807 373.02628 327.02286 71.951706 71.89848 104.93602 104.98924 और
19.155342 102.19373 101.98306 18.944674 202.39452 202.75722 250.98628 250.62358 अब
