222.50134 267.78674 289.4677 244.18231 104.01918 49.311584 67.25847 121.966064 सकता
366.70154 486.77515 487.1645 367.09088 378.25424 376.38022 401.32858 403.2026 आधार
485.0307 555.5368 555.86334 485.35724 379.23 378.2247 401.12186 402.12717 पर
24.214203 123.26885 117.05914 18.004492 110.805954 126.53334 165.64351 149.91612 कम
23.811638 133.60577 125.74268 15.94855 202.31665 217.58884 274.11774 258.84555 हुआ
180.54102 212.90994 208.88489 176.51596 90.257355 93.19241 137.58218 134.64713 और
217.47188 245.03493 263.75134 236.18828 14.174567 6.618202 74.88924 82.4456 तुम
409.75885 471.8921 472.28467 410.15143 359.3038 357.77103 373.68387 375.21664 उसकी
111.575775 177.71945 173.62521 107.48154 163.58449 173.77098 200.356 190.16951 तरह
176.6783 212.29909 202.72801 167.10722 21.835781 37.31409 59.34036 43.86205 कर
241.74321 256.32092 264.20868 249.63095 140.02017 122.97821 129.7254 146.76736 तब
152.01479 174.98793 168.74785 145.7747 129.30237 138.7911 153.89893 144.41019 एक
