446.38336 469.8709 469.28943 445.80188 385.07642 385.46722 420.41284 420.02203 और
48.962807 126.92297 114.013435 36.05327 366.02963 400.9492 429.77054 394.85098 भूल
44.80964 133.36899 124.23321 35.673855 409.6643 447.6712 468.95837 430.95148 लगा
59.998535 94.95586 94.94766 59.990337 33.924137 33.952663 43.998356 43.96983 बराबर
188.6641 256.8433 258.67377 190.49457 40.298565 36.04487 65.38426 69.637955 हट
407.44638 472.50497 472.53488 407.4763 112.49397 112.435074 145.49016 145.54906 जब
507.94928 582.1232 582.15314 507.9792 112.39572 112.32855 145.3909 145.45807 तक
156.5425 211.18199 210.09276 155.45326 310.74268 311.5379 386.38123 385.586 यह
51.66687 137.96468 127.135086 40.83728 331.17245 371.11282 394.51193 354.57156 कुछ
437.8357 500.53723 493.5548 430.85327 439.17905 466.24332 482.41995 455.35568 फन
331.88483 375.88617 375.912 331.91064 63.72846 63.671783 83.70325 83.75992 आए
391.7621 436.80206 436.82788 391.7879 63.6438 63.585793 83.6248 83.68281 बाघ
17.148308 74.075424 73.99281 17.0657 117.13315 117.27951 149.41254 149.26617 बहुत
466.96942 551.16693 551.21906 467.02155 45.6807 45.57393 86.68567 86.792435 बना
