7.9148865 90.74647 90.69994 7.868359 45.112236 45.199425 89.39698 89.30979 बहुत
11.210678 126.090485 126.003265 11.123461 103.47946 103.741745 141.94139 141.67911 आएगा
11.218758 112.153984 112.00982 11.074595 149.81035 150.13942 194.35817 194.0291 अपनी
439.24594 487.09854 480.18198 432.32938 435.10696 455.66678 471.76492 451.2051 वह
153.71672 219.38972 218.47432 152.80132 314.4163 315.30594 382.88095 381.9913 उन
51.348022 148.92194 137.29541 39.7215 369.57037 413.1756 439.1919 395.58667 मत
458.94794 557.1786 557.24225 459.0116 47.68611 47.570663 101.71567 101.831116 खुल
195.8212 275.54318 277.4155 197.69351 45.18 40.25167 70.53875 75.46708 यह
448.65656 470.0282 469.6521 448.28046 396.16953 396.53677 418.42392 418.05667 कर
75.9761 117.98612 117.95144 75.941414 77.116714 77.18919 97.290634 97.218155 तरह
213.20541 243.54895 241.75406 211.41052 332.9864 334.06036 384.77325 383.69928 हुए
351.0043 437.0717 437.1229 351.0555 20.833862 20.70819 55.769104 55.894775 आँख
349.93176 403.95312 403.99078 349.96942 69.90688 69.84339 101.89576 101.95925 लड़
349.9431 399.95447 399.99255 349.9812 100.95813 100.91171 141.95193 141.99835 गई
422.87985 583.1074 583.13416 422.9066 109.85839 109.705765 137.77298 137.92561 आमदरफ्त
183.18117 256.94366 257.90747 184.14497 28.223988 23.523678 38.64887 43.34918 चार
38.900192 126.967834 118.95143 30.883791 402.03674 440.01697 458.60522 420.625 उसके
508.98477 576.1465 576.17664 509.01492 151.8411 151.80997 216.92752 216.95865 देर
