185.55072 262.20117 263.6795 187.02905 48.475815 43.759254 67.78409 72.50065 बात
52.94156 142.37807 132.18765 42.75115 387.04968 426.39838 449.56042 410.21173 कर
448.026 469.47162 468.9792 447.53357 385.12268 385.4873 414.44995 414.08533 उस
391.96335 435.99728 436.02792 391.994 108.91962 108.87875 141.91849 141.95935 गले
142.68079 193.61896 192.90875 141.97058 309.21118 309.6961 384.29395 383.80902 और
200.48705 255.71986 256.6269 201.39409 27.121216 23.601662 37.835907 41.35546 भक्त
436.04428 476.13303 476.1736 436.08487 5.0460877 4.981203 30.048746 30.11363 पर
436.0469 518.181 518.2146 436.0804 50.559586 50.449738 75.50077 75.61062 भाषण
195.16682 214.52614 213.7069 194.34758 324.58423 325.14 353.67706 353.12128 इन
193.9322 212.08037 211.44167 193.2935 367.59018 368.11118 390.35892 389.83792 पर
254.06503 282.30496 283.2526 255.01266 52.25234 50.58716 66.65849 68.32368 हुई
