440.93393 558.18933 558.2573 441.00192 34.67741 34.53016 88.681885 88.82913 उसकी
447.90652 464.12198 463.7659 447.55045 392.14777 392.42346 413.36847 413.09277 तरह
24.386806 58.343452 58.288914 24.332266 98.29339 98.36718 123.46262 123.38883 इस
24.39518 64.3474 64.28372 24.331501 145.64021 145.76692 165.84605 165.71935 बात
24.40356 58.397835 58.30575 24.31148 192.98792 193.12964 215.21414 215.07242 वह
80.3598 133.46869 133.35266 80.24378 184.18234 184.39365 213.55109 213.33978 अपने
53.627144 134.11766 127.0357 46.545185 369.4665 405.4746 421.30524 385.29712 आध
51.480972 113.95401 103.07115 40.598114 396.40778 423.6353 448.60577 421.37823 इंच
144.67342 204.32643 204.41966 144.76665 323.01913 322.9117 374.67172 374.77914 साफ
13.588181 111.38851 111.38325 13.582917 4.402714 4.421715 31.506405 31.487404 उत्पन्न
13.596176 119.424324 119.39288 13.564736 50.132477 50.255066 77.39264 77.27005 सरकार
26.585663 110.919876 103.865585 19.531374 421.0844 456.61432 473.35846 437.82855 रुपए
338.98486 459.01166 459.0572 339.0304 101.93212 101.831116 155.91681 156.01782 करता
441.72037 452.798 452.71005 441.63242 415.02603 415.12405 425.0582 424.96017 सत्य
71.98569 138.0633 137.97202 71.89441 93.17549 93.31183 137.55405 137.41771 ओर
