386.95135 453.04327 453.09528 387.00336 11.152784 11.051945 45.121788 45.22263 सब
386.96698 457.03644 457.08075 387.0113 69.649475 69.57007 108.64554 108.724945 एक
483.21307 566.4045 566.44415 483.25275 69.51658 69.41973 103.50933 103.60618 साथ
386.98218 473.03925 473.0749 387.01782 117.135796 117.06618 161.11234 161.18196 उठते
436.07388 495.72208 486.97226 427.32407 444.26648 470.1612 490.31635 464.42163 हम
448.67383 468.05865 467.64832 448.2635 395.16956 395.5027 419.37964 419.0465 कर
8.168472 143.9817 143.96338 8.150147 14.829994 14.886238 59.13288 59.076637 सकता
185.4855 267.51257 269.56375 187.53668 41.383907 36.274055 69.20119 74.31104 गए
467.1709 583.3507 583.365 467.18518 138.885 138.78728 155.81227 155.90999 नायकराम
467.16617 503.20712 503.21762 467.17667 174.93102 174.90874 191.93196 191.95424 वह
11.1905365 85.13146 84.99558 11.05466 216.39981 216.74475 245.87268 245.52774 कहना
139.65036 197.4942 197.54483 139.70099 348.41486 348.31476 377.58258 377.68268 तरह
207.8834 255.65483 255.70555 207.93413 348.25534 348.1727 377.48196 377.5646 इस
27.112625 107.11821 106.968414 26.96283 131.20311 131.43248 183.68529 183.45592 उठ
