449.49118 468.0585 467.54123 448.9739 395.18732 395.5097 425.30072 424.97833 और
20.133057 131.1078 130.97043 19.995687 98.08354 98.324234 161.66206 161.42137 साथ
217.89488 274.92902 276.01062 218.97649 54.495388 51.034714 68.86034 72.321014 दवा
142.66586 219.5318 218.78525 141.91931 310.77826 311.51007 389.92682 389.195 तकिए
35.48568 124.53546 110.68037 21.630587 383.85 422.86472 454.4885 415.4738 पर
7.665901 77.53617 77.46322 7.5929523 159.22481 159.46648 180.5555 180.31383 आज
6.5770454 57.505886 57.40845 6.4796114 195.32024 195.53517 218.62312 218.40819 सब
120.5379 146.77252 146.71008 120.47546 273.2459 273.28455 315.6656 315.62695 तुम
322.64923 375.67615 375.72632 322.6994 7.0462327 6.963295 39.028294 39.111233 गए
390.41858 445.516 445.58173 390.4843 6.9222965 6.840214 50.94625 51.028336 घूम
322.67368 429.6984 429.74875 322.72403 56.336754 56.208588 98.25948 98.38765 फिरकर
444.4631 493.55728 493.5967 444.50253 66.17034 66.111855 99.1851 99.24358 इन
216.4795 247.61784 245.96434 214.826 344.08298 345.22696 390.23343 389.08945 लिए
397.1817 472.23767 472.2702 397.21423 120.72944 120.66852 160.71243 160.77335 उसने
502.81998 582.00183 582.0343 502.85245 120.59798 120.53374 160.62337 160.6876 अपने
