42.475662 149.09814 136.50717 29.884687 388.0278 434.6926 463.4612 416.79642 और
443.24326 469.12473 468.7582 442.87674 401.06766 401.48178 424.38675 423.97263 अलग
5.5336533 104.30766 104.298325 5.524312 5.2032776 5.2241364 49.433723 49.412865 केवल
4.4489746 140.29211 140.22424 4.381108 64.76076 64.96005 111.21507 111.01578 विरासत
188.70233 247.87466 248.84042 189.66809 26.097137 22.315285 37.425888 41.20774 बाल
190.41216 232.81337 231.14348 188.74226 325.4459 326.59 388.47635 387.33224 रही
40.94445 116.8115 108.74079 32.87374 350.2051 384.569 402.38718 368.0233 बाद
443.28827 496.77338 486.7774 433.2923 439.18768 462.22064 485.43237 462.3994 वह
38.0791 136.16571 135.98378 37.89718 151.3027 151.62537 206.92682 206.60416 दस
159.9967 185.7706 184.9719 159.198 326.32 326.72974 376.97345 376.56372 रहे
26.593445 108.77763 97.012955 14.828765 417.78317 452.51834 480.3538 445.61862 गये
111.93381 150.9722 150.96701 111.92861 8.843452 8.8546715 26.9581 26.94688 इस
196.95004 270.11984 271.61087 198.44107 43.33405 38.796844 62.84199 67.379196 समूह
