145.52618 200.97583 201.04126 145.59161 341.7227 341.6326 381.91293 382.00302 शायद
194.05792 267.56335 269.673 196.16757 34.35494 30.006714 65.66989 70.01811 पर
454.6913 469.14536 468.7419 454.28787 400.27643 400.54437 422.30792 422.03998 पर
386.87338 540.1658 540.2849 386.99246 7.6400146 7.475975 118.77399 118.93803 करे
30.168427 141.70999 135.24258 23.70102 394.9319 443.18805 458.13715 409.88098 मतलब
11.941483 136.76396 136.74597 11.923499 11.823139 11.866917 63.145023 63.101246 बाहर
11.956879 136.87697 136.76357 11.843482 100.07147 100.34772 151.62735 151.3511 बाहर
11.972282 98.964096 98.77181 11.780002 188.32289 188.67711 235.89809 235.54387 उस
442.75253 454.58084 454.27988 442.45157 406.04544 406.2336 425.15036 424.9622 रखे
497.99936 545.07556 545.0884 498.01218 178.91808 178.89186 201.9211 201.94731 रूप
16.42968 54.41279 54.310204 16.327095 250.32516 250.52945 269.60104 269.39676 समा
16.434402 52.470352 52.321167 16.285217 277.20554 277.41977 302.51303 302.2988 गयी
59.82337 130.37209 120.05537 49.506653 339.27615 371.80093 394.17868 361.6539 रहा
59.445114 129.09573 119.184616 49.533997 376.0973 407.13977 429.37756 398.33508 रहा
