325.0002 374.9896 375.01303 325.02365 82.56741 82.508865 102.530624 102.58917 कम
325.01315 393.9908 394.01828 325.04062 114.20015 114.13707 144.15977 144.22285 उसके
456.97974 470.24548 469.79272 456.52698 386.37418 386.62607 410.47183 410.21994 यह
19.293152 132.16237 132.12608 19.25686 23.259483 23.326256 84.65331 84.58654 कर
19.314743 128.40022 128.1509 19.065414 146.0253 146.37216 224.78702 224.44016 रहा
199.57213 279.7428 281.33588 201.16524 46.724728 41.783928 67.63422 72.57502 कहा
39.3219 146.543 138.07547 30.854368 352.87772 401.29318 420.04544 371.62997 कदम
42.91127 140.43758 132.39375 34.867443 399.3363 441.57355 460.14685 417.9096 आया
437.4833 497.21982 488.06308 428.32657 440.19678 466.01093 487.2005 461.38635 इस
409.15833 581.52765 581.6188 409.24945 5.4294205 5.1956863 72.40744 72.641174 उसकी
409.19662 562.4198 562.47473 409.25162 93.41205 93.28848 161.4408 161.56436 उचित
446.42624 453.34744 453.18082 446.2596 407.09204 407.20782 417.16675 417.05096 हम
29.100853 102.04835 101.96221 29.014715 105.1254 105.29442 142.47002 142.301 वह
157.35358 205.37204 204.5332 156.51474 318.42023 319.1352 375.47296 374.758 वह
26.444092 87.6437 78.999504 17.799896 417.9405 443.80103 464.2577 438.39716 खुद
26.37497 95.60983 90.28766 21.052797 447.6779 476.09097 489.0596 460.6465 ऊपर
197.87791 249.45262 250.70421 199.1295 24.622288 21.32111 40.87498 44.17616 पर
