154.94447 208.08348 208.15752 155.01851 321.13876 321.01468 352.7205 352.84457 अपना
25.20588 89.093994 89.06346 25.175346 25.871017 25.912338 73.12146 73.08014 वह
25.219376 109.17283 109.06639 25.112936 102.107025 102.296234 149.5264 149.33719 तरह
25.232887 93.28739 93.08959 25.03509 178.34535 178.60808 229.84166 229.57893 तुम
39.380318 123.991486 113.222466 28.611301 371.43317 408.9945 433.25293 395.6916 पड़
39.173096 123.7843 115.83765 31.22644 409.67548 445.90344 464.463 428.23505 बन
472.9542 560.1483 560.19885 473.00473 103.78187 103.71716 171.86209 171.92679 पर
180.88145 279.53778 281.17554 182.51921 51.422604 45.380096 72.11992 78.16243 कफन
15.1768265 75.22148 75.01465 14.969992 233.46872 233.77036 274.9428 274.64117 पर
375.28455 429.34558 429.3894 375.32837 19.180157 19.098682 48.164417 48.24589 मन
375.28772 499.41284 499.46326 375.33813 59.66591 59.520645 102.585236 102.7305 पछताते
171.50648 196.99074 196.3524 170.86815 358.11356 358.63168 390.02975 389.51163 डर
209.58951 245.38336 245.42783 209.63397 358.5771 358.5255 389.40417 389.45575 डरा
17.152542 71.10129 71.00238 17.053635 141.20421 141.37029 173.50148 173.3354 कुछ
