166.34946 215.07205 215.14966 166.42706 332.3548 332.26923 376.4654 376.55096 कर
354.94485 467.0306 467.08487 354.9991 48.847084 48.709114 92.80431 92.94228 बसमतिया
445.90558 466.98895 466.44434 445.36096 389.08728 389.43616 422.3498 422.00092 मौत
13.980362 136.89261 136.7992 13.886949 54.746094 54.90042 129.3055 129.15117 झुक
17.284584 113.31915 113.10468 17.070116 155.84796 156.17325 219.48825 219.16296 सिर
480.2936 581.54236 581.5918 480.34305 52.29791 52.173027 92.26227 92.38715 जीवन
483.58997 552.7213 552.7499 483.61853 140.05347 140.00653 182.08527 182.1322 और
439.24597 500.5904 491.89917 430.55475 435.107 461.4635 481.69214 455.33563 तब
86.969604 138.05978 137.97504 86.88486 120.32593 120.46051 152.63687 152.50229 पर
525.87476 558.93726 558.947 525.8845 193.52019 193.50008 209.52156 209.54167 गया
526.96533 560.0194 560.02466 526.9706 223.15439 223.14359 239.16412 239.17493 आज
525.85223 582.93304 582.93536 525.85455 252.78807 252.77988 268.79272 268.80093 इजलास
