444.16742 498.8769 491.89923 437.18976 441.912 465.5266 481.69214 458.0775 कर
154.71873 214.03218 212.94127 153.62782 308.8037 309.62714 388.20813 387.3847 वह
446.6432 464.081 463.58142 446.14362 394.1234 394.41516 424.27448 423.98273 पर
180.53717 267.00143 269.33627 182.87201 39.91901 34.51629 71.8828 77.28552 ऐसे
21.71225 118.565346 118.54495 21.691858 15.236813 15.277744 63.521046 63.480114 उनके
21.726654 71.664276 71.59325 21.655622 96.88335 96.99039 130.12572 130.01868 पर
21.735748 108.726456 108.57065 21.579937 148.44037 148.72137 196.95654 196.67554 वेतन
30.211472 148.26826 134.7882 16.731401 381.53928 433.26266 464.03043 412.30704 वह
216.41 246.61127 245.09323 214.89197 345.97394 347.0835 388.4027 387.29315 और
189.24542 236.23209 237.20383 190.21716 21.624384 18.598984 33.69088 36.716278 धन
