140.75087 188.82854 190.61101 142.53334 16.626081 11.34927 27.589655 32.866467 अब
507.85974 578.219 551.18994 480.8307 127.42267 143.55037 261.46844 245.34074 चुप
459.16675 553.73926 554.1572 459.58472 271.07388 270.48355 337.43863 338.02896 बना
139.76682 208.79977 208.62955 139.59659 269.9723 270.34515 301.86273 301.48987 लोग
220.59717 336.20377 336.031 220.42441 270.4088 271.03314 303.0199 302.39557 आमतौर
10.380157 79.22031 95.37495 26.534798 47.71718 2.902069 27.717087 72.532196 पर
267.10886 300.30283 293.56534 260.37137 325.98386 330.32944 381.79398 377.4484 हुए
348.79517 413.69556 413.51495 348.61456 264.80472 265.10825 303.7236 303.42007 सच
356.45645 395.51474 385.75595 346.69766 320.53757 327.38925 383.01962 376.16794 पर
403.46954 476.22528 476.33923 403.5835 326.95526 326.79675 379.10382 379.26233 हाथ
78.856186 124.98407 136.0405 89.91261 31.018503 1.3124466 18.480986 48.187042 पर
