16.757439 82.855225 93.01011 26.912323 59.143475 16.376648 32.071415 74.83824 साथ
301.92157 340.2044 346.66376 308.38092 269.27902 264.04306 311.27023 316.5062 पर
136.66422 188.26355 190.98831 139.38898 10.310776 4.6497803 29.485569 35.146564 घर
455.89218 507.02066 492.2632 441.13474 289.4899 300.83493 367.34195 355.99692 पर
516.0101 588.6097 588.8571 516.2575 300.35413 300.0293 355.33594 355.66077 घर
24.675495 63.077686 73.293686 34.89149 29.196537 4.10643 19.742733 44.83284 हर
154.46321 215.30544 215.09529 154.25307 273.14285 273.49356 309.95187 309.60117 कम
14.965729 54.82366 54.61812 14.760183 277.17752 277.33145 330.55618 330.40225 कई
14.694172 57.40128 57.222126 14.5150175 347.49536 347.66028 394.0511 393.88617 रोग
78.84489 104.956 111.30686 85.19575 31.951359 15.1420555 25.007301 41.816605 वह
212.8168 298.24548 298.1049 212.67622 264.16885 264.5684 294.6263 294.22678 करता
515.24786 592.2311 569.4312 492.448 95.416534 113.06436 212.52179 194.87396 इधर
491.85413 570.75684 546.6638 467.76114 194.0842 212.14316 317.4094 299.35043 आये
