360.7476 482.83487 483.3043 361.217 372.13193 369.84085 394.8544 397.14548 अलग
186.79834 212.1113 205.13895 179.82599 52.16028 63.064987 79.2498 68.34509 कर
184.46187 214.8126 208.1096 177.75887 82.696976 95.58644 111.36992 98.48045 साथ
182.19218 215.25826 206.28532 173.21925 112.36096 126.16083 147.66101 133.86115 बहुत
14.534424 139.14328 128.06403 3.455164 154.1985 172.10979 249.18822 231.27693 हर
257.9656 280.65298 295.59134 272.90396 72.77276 66.82315 123.78709 129.7367 नई
41.314163 142.03006 134.56691 33.851013 109.984955 125.88846 173.15216 157.24866 चतुर
407.38742 511.98764 512.56616 407.96597 348.2915 345.13635 364.31683 367.472 अपने
55.169655 114.81917 111.964226 52.31471 243.37933 251.67651 272.20117 263.904 भाव
210.96658 260.80466 287.37115 237.53308 86.549545 25.289894 46.903183 108.162834 अधिक
