257.14926 343.15756 342.9269 256.9186 262.82428 263.21106 314.5097 314.12292 बाहर
377.78265 411.12152 411.21967 377.8808 336.44348 336.30957 360.7522 360.8861 मुझको
416.68155 439.11508 439.17606 416.74252 341.8539 341.75156 355.12064 355.223 अगर
163.5661 230.93057 230.71231 163.34784 260.87064 261.1614 311.72446 311.4337 लोप
40.2291 109.95354 118.03465 48.310215 48.552807 3.520794 16.03304 61.065052 बन्धन
515.3597 587.4731 588.153 516.0396 198.24188 197.11035 240.44516 241.57669 मगर
509.27484 548.58026 535.3909 496.0855 269.09714 278.7587 332.416 322.75443 यह
8.538654 69.941284 81.00777 19.60513 43.413002 3.3532639 20.3157 60.37544 अपने
16.802013 47.535587 47.680683 16.94711 321.329 321.15836 347.2842 347.45486 कम
16.696781 51.347477 51.367306 16.71661 368.55588 368.5283 393.44846 393.47604 मगर
63.79612 109.51237 109.53907 63.822823 359.86786 359.83148 393.40216 393.43854 आपने
