290.6098 362.0252 361.79834 290.38293 269.2199 269.59265 313.06262 312.68988 अगर
141.83774 220.3443 220.39981 141.89325 342.4733 342.3809 389.55215 389.64456 साल
245.13254 293.75595 287.05948 238.43607 333.87872 339.72943 395.38165 389.53094 भर
308.63647 381.04315 381.09955 308.69287 341.5094 341.4242 389.36304 389.44824 तक
134.44414 188.38905 191.32198 137.37706 8.622234 2.7046013 29.441074 35.358707 हरा
179.58447 239.74057 239.49393 179.33783 274.84116 275.19882 316.6816 316.32394 कह
516.39417 565.8832 547.3047 497.81567 104.89728 116.31674 196.83112 185.41165 वह
496.0381 563.71356 538.5786 470.90314 189.7482 205.33932 314.4412 298.85007 दिन
16.175303 73.68503 88.13613 30.626406 42.107567 4.641609 26.82386 64.28982 मुझ
51.207386 124.78258 124.85646 51.28127 323.93304 323.8512 390.2865 390.36835 तरह
