135.32921 188.26353 190.5689 137.63457 10.457235 4.6497765 25.662756 31.470215 कर
8.282677 75.92818 88.68583 21.040329 48.166134 4.112877 23.702747 67.756004 घर
181.36313 297.16504 296.92758 181.12566 259.4136 259.89267 317.3005 316.82144 इसलिए
488.11908 550.83685 551.7984 489.08063 149.03079 147.76694 195.48651 196.75037 संभव
75.22203 110.546555 118.16986 82.84534 36.132347 13.408241 25.258644 47.98275 वह
293.47107 366.23846 366.04663 293.27924 259.8774 260.17838 306.5541 306.25314 कहा
493.98026 516.5415 508.11862 485.55734 270.4008 275.78104 311.1011 305.72086 हर
486.82874 526.19434 514.0834 474.71777 300.38956 309.7772 360.56247 351.17484 चीज़
474.8079 498.33755 488.1428 464.61313 350.79697 356.40817 399.15823 393.54703 को
502.1418 552.87683 552.891 502.15598 369.5204 369.49286 395.63342 395.66095 बदल
121.498184 164.58382 167.0193 123.93367 250.07332 247.8541 295.1385 297.3577 पर
46.00669 112.51551 110.910194 44.401375 296.88245 298.16632 381.32855 380.04468 लोग
