7.444824 78.935646 92.941635 21.450813 54.206078 7.749153 29.302452 75.75938 बहुत
470.68134 589.67413 589.83514 470.84235 299.30563 299.07187 381.04843 381.2822 उसने
185.61081 223.37006 226.74295 188.9837 274.87704 271.8077 313.30167 316.371 पर
134.44414 187.38496 190.31792 137.37709 8.622234 2.8147469 29.5514 35.358887 तीन
16.367142 85.26715 84.892334 15.992326 308.27386 308.5923 389.70087 389.38245 कोई
256.96964 368.69168 368.4628 256.74075 261.27374 261.75604 314.77515 314.29285 एकदम
509.64746 545.13367 533.8124 498.32617 151.23862 159.49179 208.17017 199.91699 फिर
484.6099 545.59827 545.9684 484.98 231.21854 230.35324 256.4366 257.3019 उठकर
482.78665 506.69058 496.24374 472.3398 266.73257 272.29202 317.21054 311.6511 बैठ
360.49454 412.62222 412.44235 360.31467 266.43228 266.68552 303.71396 303.46072 तक
