477.98346 574.38464 544.56055 448.15936 248.46472 270.46222 401.16266 379.16516 बाद
13.728302 85.22449 100.52362 29.027435 50.12288 3.6624908 27.205765 73.66615 फिर
198.20883 253.1485 252.9549 198.01523 257.9487 258.1661 307.0978 306.8804 और
62.12899 98.64038 97.36533 60.853947 339.6985 340.71704 386.42255 385.404 इसी
109.80226 158.52898 158.5879 109.86119 352.4032 352.30334 381.05627 381.15613 समय
169.50804 208.52339 208.58266 169.5673 352.13434 352.05432 380.95374 381.03375 एक
224.83887 260.93137 255.71457 219.62207 333.52686 337.49884 384.90314 380.93115 और
268.82715 326.64075 326.70074 268.88715 351.58466 351.46613 380.7116 380.83014 प्रकार
167.67052 184.8885 187.28844 170.07045 276.32394 275.07162 308.06766 309.31998 हुई
3.5146217 56.731102 56.83187 3.6153908 288.63812 288.54364 345.29303 345.3875 पर
325.59076 367.86487 367.66687 325.39276 290.0338 290.35498 316.41364 316.09247 विह्नल
