538.2798 555.83496 546.7743 529.2191 249.06992 253.59006 288.7795 284.25937 रहे
565.2939 585.35394 577.5308 557.47076 255.10675 260.5504 289.37872 283.93506 यह
517.51404 572.91016 573.15137 517.75525 294.89374 294.49945 328.38782 328.7821 बिरादर
283.62735 369.76535 369.53006 283.39206 270.74915 271.21436 314.78625 314.32104 सकता
177.93988 213.65762 216.73355 181.01581 279.5045 276.73703 316.43637 319.20383 पर
138.73949 187.32216 190.04659 141.46391 9.117044 3.7873192 28.62152 33.951244 जूस
141.33658 204.71936 204.80371 141.42093 334.21454 334.10895 384.7503 384.8559 इसके
214.16891 263.70132 263.76987 214.23746 347.0611 346.96277 381.47693 381.57526 बाद
273.70465 347.75513 347.82574 273.77527 346.65836 346.5034 380.24033 380.3953 उठकर
218.85956 267.92603 267.75598 218.6895 264.1971 264.4266 300.79092 300.56143 करते
