4.911358 79.06781 95.652145 21.495686 50.361664 2.068245 27.534142 75.82756 और
512.15137 597.33606 568.4625 483.2778 100.45245 119.90561 246.34198 226.88882 और
444.97324 535.90283 535.95044 445.0209 323.19907 323.1382 394.35355 394.4144 एक
292.6545 355.8942 355.69394 292.45425 261.42786 261.7008 308.08862 307.81567 आदि
134.32384 191.2759 193.58125 136.6292 10.567539 4.319294 25.332417 31.580662 भाव
29.41227 104.084465 103.09716 28.424963 290.60226 291.42624 380.90347 380.0795 और
225.69092 292.58795 292.30994 225.4129 271.99374 272.36716 322.16995 321.79654 भाव
17.334072 59.48545 59.22971 17.078331 160.79721 160.99759 214.79532 214.59494 वह
16.895023 53.44176 53.230465 16.683727 253.1543 253.328 297.7755 297.6018 रथ
121.60884 181.45029 181.3102 121.46875 271.41275 271.7468 296.8434 296.50937 अन्याय
