44.804382 142.88165 142.9698 44.892532 331.61084 331.4496 385.06207 385.22333 राजवंश
239.57678 341.2874 341.05554 239.34491 259.65442 260.07513 316.1319 315.71118 भला
135.38516 187.32217 190.25638 138.31937 9.485028 3.7873192 30.533787 36.231495 मौत
25.323294 87.337944 98.79519 36.78054 49.016567 8.819153 26.494846 66.69226 दाद
544.5431 584.0238 569.5183 530.0376 223.08035 233.23782 289.61868 279.4612 वह
139.42467 191.01295 190.8444 139.25612 254.67441 254.86008 301.7012 301.51553 और
6.782469 53.12169 63.328575 16.989357 37.211334 6.8919525 22.491852 52.811234 यह
439.4935 456.4932 451.00137 434.00168 320.7405 324.43185 349.72336 346.032 यह
431.42123 446.868 441.63492 426.18814 357.91577 361.2699 385.37012 382.016 वह
361.79767 393.51813 393.37903 361.65857 274.33786 274.52072 298.65097 298.4681 घर
