16.008614 72.946335 86.53631 29.598587 44.05304 6.98645 27.861916 64.928505 वह
167.72711 194.85413 196.11197 168.98495 13.665281 10.687929 22.148214 25.125566 तक
63.537525 160.54889 160.57608 63.564716 351.70535 351.64456 395.0187 395.0795 रक्तग्रन्थ
182.1325 235.0534 229.0394 176.1185 326.79507 331.4608 399.6747 395.009 और
475.60648 544.1516 544.7711 476.22598 222.92792 222.04883 270.35608 271.23517 लगती
472.5037 497.4492 488.3254 463.3799 287.4283 293.16257 332.85336 327.1191 वह
463.40585 485.98294 475.0425 452.46542 327.00613 332.19595 379.78952 374.5997 भी
490.2846 547.8863 547.9649 490.36322 344.42535 344.28015 375.44556 375.59076 अटक
337.3152 377.49384 377.3816 337.20294 271.03915 271.25613 292.04 291.82303 बदन
201.72255 241.76305 241.57408 201.53358 274.9728 275.2109 306.988 306.7499 यह
