394.14438 482.25992 482.7607 394.64517 376.02307 374.56842 404.90424 406.3589 लिए
297.1031 353.6952 341.17194 284.57983 272.37125 292.13327 327.99582 308.2338 यह
26.0708 132.07149 120.38846 14.3877735 118.44066 134.37761 212.0844 196.14745 नए
62.108658 88.21883 72.18672 46.07655 317.34094 332.14386 360.42212 345.6192 भूतल
95.86517 127.32178 117.84534 86.38873 335.60892 350.3688 370.56522 355.80533 धधक
43.220528 59.074013 46.976074 31.12259 348.40234 357.37646 378.74847 369.77435 रहा
393.5262 481.49643 482.39188 394.42166 341.33115 338.35318 364.80435 367.78232 कर
62.902557 156.94081 151.71758 57.67932 210.51706 223.8948 260.6112 247.23346 आपके
468.3218 556.4977 556.8169 468.64102 377.60214 376.26566 397.3221 398.6586 चार
121.026184 183.64178 178.98007 116.36446 180.47313 189.88725 220.89351 211.47939 कह
