192.47371 254.37694 254.17207 192.26884 260.99542 261.26263 308.72528 308.45807 उनके
28.761017 99.07219 111.831116 41.519947 47.706463 2.1477585 21.838741 67.397446 फट
142.99411 189.39313 192.01233 145.61331 7.6843195 2.5944557 26.471012 31.560875 पर
35.567493 61.99059 61.556377 35.13328 355.17758 355.56186 385.4172 385.03293 भर
73.569565 128.21222 128.28136 73.6387 343.45526 343.36426 384.8778 384.9688 जागते
142.05891 177.13493 174.0371 138.96107 339.58228 341.98212 387.2599 384.86005 और
185.58295 229.94312 229.98038 185.62021 354.8191 354.7735 391.0069 391.0525 इधर
239.38632 284.4722 284.52237 239.4365 354.5927 354.51758 384.61755 384.6927 उधर
501.74838 545.4332 546.1017 502.41684 125.16713 124.09755 151.39928 152.46886 समय
490.5176 532.8594 533.3711 491.0294 176.03256 175.2019 201.28772 202.11838 समय
543.6177 562.5248 554.9802 536.0731 171.12906 175.86719 205.97287 201.23474 पर
488.9076 511.47382 501.87323 479.307 211.36935 216.54507 258.40372 253.228 कई
478.4827 501.85886 492.05307 468.6769 256.8221 262.18362 304.93692 299.5754 दफे
509.9759 528.0438 521.3001 503.23218 267.0948 271.5379 298.96136 294.51825 वह
254.76163 343.1801 342.98203 254.56355 259.71725 260.08298 307.96603 307.6003 छपता
493.75223 507.0081 499.5233 486.26743 312.29337 315.51926 346.27597 343.05008 न
511.40158 573.6864 573.9049 511.6201 304.77777 304.42078 342.5478 342.9048 सकती
486.24896 514.82806 504.0216 475.4425 343.1262 350.0811 394.48715 387.53226 दिन
