228.47528 297.8331 297.57526 228.21744 259.6085 259.89536 322.22964 321.94278 कोई
414.16516 492.04034 492.0916 414.21643 332.9039 332.83694 392.45456 392.5215 कर
542.23004 593.8283 565.1287 513.53046 287.05228 300.68777 409.29025 395.65475 रहे
141.63486 183.17984 185.27563 143.73065 10.731525 6.1733284 25.275227 29.833424 रहा
11.602386 105.113205 115.7449 22.234085 63.39193 2.910019 19.347649 79.82956 मलाल
233.30186 272.45697 272.50897 233.35387 354.42612 354.35593 383.36758 383.43777 स्तर
289.29367 315.30338 310.5657 284.556 350.4123 354.15393 387.0876 383.34595 पर
334.85025 367.35403 358.68356 326.17978 335.22498 340.61395 392.91016 387.52118 कई
8.423748 70.83176 80.20502 17.797009 42.57 1.8396873 16.201633 56.931946 आया
494.48013 595.0023 596.0641 495.5419 131.0401 128.84692 177.5133 179.70648 आदत
483.43506 538.5995 521.74695 466.58252 232.56052 245.19662 318.76834 306.13223 कुछ
