473.13074 518.87854 519.2379 473.4901 256.83597 256.33115 288.8986 289.4034 बहुत
521.7674 596.98224 597.41864 522.2038 246.16534 245.30017 283.23596 284.10114 ईमानदार
464.92194 512.49054 512.72345 465.15485 296.17834 295.83765 328.3604 328.7011 औरत
524.7151 543.19165 533.5742 515.09766 290.78806 295.51962 333.07504 328.34348 थी
134.1061 185.37675 188.52037 137.24971 8.659314 3.035038 31.692219 37.316494 और
191.4736 291.0834 290.83542 191.22562 260.9911 261.42108 318.87195 318.44196 साहब
52.594807 92.0824 92.12102 52.633427 355.67862 355.63467 390.3229 390.36685 अब
117.198456 162.8468 159.49081 113.84247 329.8755 332.41083 392.83405 390.2987 और
302.73608 396.2636 396.09363 302.5661 267.71634 268.18753 301.9326 301.4614 अवतार
287.2428 327.36432 327.4886 287.36707 330.73636 330.58572 363.69797 363.8486 झुक
332.33252 387.96027 388.08282 332.45508 330.38428 330.1573 360.18774 360.41473 पड़कर
288.08972 317.69055 312.61554 283.0147 358.82526 363.08356 398.36163 394.10333 सिर
322.46902 348.0737 348.0889 322.48422 372.73795 372.71976 394.05716 394.07535 पर
30.730022 95.00398 106.47386 42.1999 47.349052 5.717224 23.425179 65.05701 नस
120.67381 192.49329 192.3496 120.53013 253.09268 253.33829 295.34964 295.10403 अगर
