10.62455 88.98373 102.15499 23.795815 55.800865 4.9540863 25.252106 76.098885 आयी
139.43143 175.96066 178.05719 141.52795 13.871864 9.863274 28.968338 32.97693 और
31.844255 61.805115 61.976715 32.015854 314.34863 314.16827 342.6753 342.85565 एक
73.38759 110.93939 111.1037 73.551895 312.85266 312.60986 338.02454 338.26733 साथ
31.477692 67.810295 67.85672 31.524117 358.592 358.51913 381.65805 381.73093 काम
238.5664 297.3271 297.11664 238.35596 259.65027 259.8933 310.77374 310.5307 उन
5.615366 53.540855 64.61537 16.689882 34.2966 2.894188 19.795807 51.19822 और
448.91653 505.69003 489.51602 432.74252 293.57166 305.99854 379.8911 367.46423 इस
516.2757 593.91046 594.1379 516.5031 304.3207 303.99374 358.0038 358.33078 भार
157.29582 221.47224 221.27013 157.0937 256.2617 256.50412 310.01376 309.77133 सभी
332.6216 353.2543 356.89755 336.26486 282.418 279.31442 303.53482 306.6384 यह
365.7641 395.562 395.39874 365.60083 282.6405 282.84058 307.1595 306.9594 एक
