15.358767 75.622765 92.50372 32.239723 41.157974 2.4464417 28.7258 67.43733 दूध
146.65428 186.19246 188.91731 149.37914 10.180803 5.8427887 30.678167 35.016182 रहो
182.4724 255.41106 255.20924 182.27058 273.30432 273.72473 308.73547 308.31506 करना
488.9811 517.8357 508.36154 479.50696 281.11688 287.96326 327.89313 321.04675 गए
466.65576 539.1143 539.2163 466.75775 335.6738 335.48483 374.5909 374.77988 फिरकर
551.0631 577.7101 566.46375 539.8168 340.38266 347.73428 388.49832 381.1467 इन
79.27326 117.07665 123.45713 85.65374 27.97143 3.5998993 13.49684 37.86837 मान
6.205455 25.547806 25.731491 6.389138 285.0015 284.80515 302.90012 303.09647 मन
6.2468815 38.742027 38.89624 6.4010944 313.48193 313.2646 336.32288 336.54022 पछताते
6.3382444 30.39413 30.468552 6.4126654 346.60214 346.52182 368.80838 368.8887 उनके
340.86252 385.97433 385.78488 340.67307 280.56253 280.85556 310.01932 309.7263 बस
508.77698 590.44336 555.97107 474.3047 119.906006 138.59552 289.2271 270.5376 चुप
