12.988718 49.93357 50.508797 13.563944 195.09592 194.43054 226.36969 227.03506 नजर
174.67557 214.32648 214.12961 174.4787 272.32886 272.5531 307.36633 307.1421 पर
226.71133 273.72443 273.48947 226.47636 272.62308 272.88895 314.439 314.17313 वह
134.95956 189.3931 191.38351 136.94998 8.565691 2.5944538 20.738882 26.71012 आप
27.814236 96.662964 107.27228 38.42355 52.906258 8.375557 24.778572 69.30927 और
452.2397 567.7385 567.84753 452.3487 299.4313 299.2905 388.70975 388.85056 पहले
506.3191 535.2189 524.76025 495.8605 183.84445 190.62357 235.20914 228.43002 बढ़
483.1346 526.96216 527.3071 483.47952 252.0665 251.54785 280.69266 281.2113 गया
291.42502 363.082 362.8632 291.2062 259.86896 260.16534 313.07355 312.77716 उन
7.4814014 61.42315 73.77667 19.834925 36.754036 1.4603806 20.341133 55.63479 और
