214.3876 298.66315 298.41208 214.13652 259.55026 259.89883 320.59586 320.24728 अपने
34.137154 68.083176 68.29252 34.346497 302.0406 301.79443 330.66754 330.9137 अब
32.198273 87.13731 87.16584 32.226807 363.80966 363.75204 390.94754 391.00516 उसका
139.36717 186.94548 189.04222 141.46391 14.845214 9.623825 28.72985 33.95124 तरह
302.69012 371.10388 370.87122 302.45746 259.9155 260.19852 316.44754 316.16452 घर
453.71497 528.96405 529.19977 453.95068 302.33914 302.02872 359.1672 359.47763 यार
127.9736 172.05246 171.96439 127.88552 267.75677 267.98364 285.0965 284.86963 उसका
180.63536 219.04393 218.93098 180.52242 268.0278 268.2255 290.1733 289.97562 इतना
18.334457 90.93562 102.846176 30.24501 49.881237 2.7537842 21.10233 68.22978 तथा
15.020485 42.885006 42.7508 14.886281 141.32005 141.42162 178.23695 178.13539 यह
14.883247 50.112778 49.969414 14.739882 178.96785 179.09627 218.42302 218.2946 जीट
