140.82219 181.36015 183.45528 142.91731 7.922574 3.4756527 22.57478 27.021702 कर
486.55264 521.53906 521.7355 486.74905 292.72592 292.43265 315.85867 316.15195 एक
523.8674 586.39874 586.64923 524.11786 292.20013 291.73956 325.75525 326.21582 चबूतरा
475.54727 539.8821 540.0033 475.6685 330.70422 330.4571 362.01257 362.2597 संगमर्मर
211.51315 299.08484 298.91824 211.34657 260.1538 260.52234 300.10046 299.73193 हजार
313.4363 393.1146 392.92557 313.24728 260.58267 260.91806 305.82578 305.4904 रुपए
34.97742 78.65138 88.824524 45.150566 40.91881 12.58926 28.27258 56.60213 हर
137.59079 182.23883 182.39697 137.74893 322.46097 322.2817 361.67105 361.8503 कभी
146.51785 204.73007 204.53754 146.32532 257.74414 257.9745 306.6308 306.40045 उनके
2.5143204 89.384605 89.750015 2.8797302 281.19998 280.58572 332.26584 332.8801 परंपरा
4.872978 57.399353 57.458088 4.931713 338.43134 338.37177 390.15564 390.2152 और
393.5034 438.4277 438.3298 393.4055 252.46503 252.61066 282.80542 282.6598 जब
7.841049 60.383545 68.908 16.365501 36.51871 2.140583 15.169098 49.547226 कम
