143.3246 182.86534 184.96227 145.42152 15.3772335 11.037655 30.144136 34.483715 कर
193.29381 214.17384 214.09608 193.21605 259.77002 259.85718 278.4859 278.39874 था
224.04846 283.70148 283.60992 223.95692 259.89832 260.14722 282.08893 281.84003 पचहत्तर
195.27545 250.13794 249.94778 195.0853 296.0091 296.47058 319.07593 318.61444 माहवार
479.54117 539.95435 540.38635 479.97318 236.24748 235.46265 268.7154 269.5002 पालते
542.89685 595.31665 595.6338 543.214 245.2528 244.57806 269.21655 269.8913 समय
477.9226 501.69257 494.62585 470.8559 278.35745 283.86044 314.38486 308.88187 घर
515.1929 538.2913 530.5791 507.48065 277.66876 283.43768 314.31696 308.54803 पर
462.7324 509.4767 509.60684 462.86252 320.61594 320.3491 343.1418 343.40866 साफ
15.276339 59.91992 68.848465 24.204882 36.809868 7.6587296 21.332375 50.483513 बीस
21.938267 73.6815 80.83278 29.089542 65.11746 31.761444 42.854805 76.21082 हजार
11.8663025 76.00083 76.20763 12.073097 311.64713 311.36435 358.2692 358.55197 लूशियस
12.59906 90.1769 90.20299 12.625145 357.6224 357.56723 394.24057 394.29575 ऑरेलियस
331.71332 372.95007 372.7334 331.49664 282.09354 282.36893 314.81955 314.54416 भर
17.598438 49.27966 49.888866 18.207645 162.19841 161.50719 189.42946 190.12068 अब
