160.12773 219.58852 219.36534 159.90456 268.53894 268.8493 311.60858 311.29822 हाय
140.66995 189.0795 191.07092 142.66138 12.769715 7.457733 25.606026 30.918007 तक
518.5935 558.08923 558.7427 519.24695 129.67393 128.7257 155.94441 156.89265 सब
514.0007 547.6708 536.42267 502.7526 178.96973 186.97101 234.30383 226.30255 कुछ
9.084591 98.921005 112.1089 22.27248 59.542366 1.3110962 21.656746 79.888016 पहला
287.5941 324.62625 330.46854 293.43637 262.0278 257.19833 301.99673 306.8262 भर
341.99426 407.9626 407.78644 341.8181 262.2665 262.556 302.69034 302.40085 गया
118.96388 141.73576 139.585 116.813126 331.7125 332.99875 371.07565 369.7894 को
159.2759 186.35109 183.77544 156.70024 342.6769 344.76895 378.1024 376.01035 इस
202.02129 239.73567 239.81636 202.10197 344.57996 344.46295 370.46442 370.58142 तरह
255.01907 298.78226 298.86282 255.09964 344.26517 344.1246 369.2048 369.34537 बदल
7.1008453 62.77054 72.99401 17.324318 38.84146 2.4434395 18.079937 54.47796 अब
509.1708 568.0315 568.4088 509.54813 254.31403 253.6604 287.63947 288.2931 जाय
493.5152 554.5079 554.7304 493.73773 306.0716 305.77588 351.67847 351.97418 ठीक
