55.478233 118.40343 116.54365 53.618454 314.59598 316.11978 392.91763 391.39383 भर
499.53088 562.54236 563.385 500.37354 136.61299 135.20561 172.9348 174.34218 समय
494.6537 520.68555 511.0072 484.97537 199.13046 205.13727 247.08038 241.07358 पर
482.3693 511.64743 498.9797 469.70157 252.36761 259.12347 314.0219 307.26605 कई
468.09964 497.1295 485.92355 456.8937 314.2089 320.9075 369.47073 362.77213 दफे
506.01624 530.4547 520.9701 496.5316 324.84406 330.97974 368.75726 362.62158 वह
175.81908 243.2946 243.05861 175.58308 259.3907 259.6698 316.7201 316.44098 एक
263.17166 291.9448 298.03244 269.2593 259.75204 256.33102 307.5325 310.95352 न
137.78247 195.22958 197.22061 139.7735 11.154198 4.851265 22.998081 29.301014 खत्म
21.001001 64.25246 72.67505 29.423594 57.31299 29.338364 42.360504 70.33513 एक
6.9526215 45.368076 45.371693 6.956238 143.97505 143.9723 194.59782 194.60057 यह
7.65963 53.15738 53.140976 7.6432257 216.33447 216.34647 278.6332 278.62122 जीट
291.42505 361.1507 361.00598 291.28033 259.86896 260.15735 295.1391 294.8507 सका
