161.93167 220.889 231.41855 172.46121 293.2067 264.89914 286.82944 315.137 पान
244.19667 336.95038 379.08307 286.32935 239.4719 158.16074 206.2226 287.53375 तन
147.92029 207.37515 219.38635 159.93149 259.37677 231.19855 256.5417 284.7199 तरह
337.5465 386.6009 405.71912 356.66473 253.0225 210.77759 232.9775 275.2224 चल
-4.3382797 111.10891 122.53767 7.090477 112.543465 94.290405 166.57516 184.82822 फूट
144.99898 182.21681 191.51006 154.29222 225.71431 208.33919 228.24544 245.62056 पर
226.55014 299.5588 327.97385 254.96518 198.63583 133.95584 166.02982 230.70981 साथ
23.517973 75.355736 80.93439 29.096624 73.730896 64.72717 96.84552 105.84924 वह
94.566315 224.53333 231.76785 101.80084 48.622505 25.96659 67.467926 90.12384 तकनीक
246.56204 319.18393 326.7404 254.1185 20.223734 7.564247 50.912277 63.571762 और
