-2.6241493 68.94748 77.11926 5.547634 78.280655 66.09166 114.07495 126.26395 मौत
-1.2359962 83.0956 89.93063 5.599041 139.25247 125.871185 168.94696 182.32825 किस
97.490585 182.99767 188.9521 103.44502 134.96379 121.49986 159.31554 172.77946 वजह
227.98447 305.6279 342.24704 264.6036 217.38931 148.85965 190.34879 258.87845 हम
142.33127 204.40262 216.94742 154.87607 260.6469 231.22864 257.6977 287.11597 कभी
128.62843 168.27226 173.02605 133.38222 65.18558 58.33969 85.86839 92.71428 वह
178.73558 244.80711 251.45876 185.38722 43.21329 31.77607 70.2018 81.63902 कभी
360.34543 395.8718 409.4894 373.96304 262.64728 232.22028 248.12012 278.54712 वह
264.89355 331.33923 336.55646 270.11078 67.24852 56.158524 87.41748 98.50748 जिस
273.4446 323.91678 350.2253 299.75314 262.96637 219.12659 249.41522 293.255 पर
163.11325 202.43372 211.90915 172.58868 295.3409 276.4617 296.19662 315.07584 हर
