139.10803 191.78577 207.52612 154.84839 266.20743 241.13254 274.2001 299.275 उसे
-1.4034958 124.334045 137.16946 11.431927 25.193634 3.0738525 76.035446 98.15523 आये
-1.3633881 106.215904 115.24695 7.667656 154.98515 138.63808 198.07094 214.41801 याद
172.33052 212.787 222.78795 182.33147 294.99203 275.53024 296.31985 315.78165 वह
112.84938 258.26898 273.6659 128.24632 32.653133 8.472206 101.06656 125.24749 गयी
230.96864 297.6142 336.0758 269.43024 203.46893 144.52225 188.0072 246.95389 इन
298.1684 379.69318 411.5855 330.06073 277.13776 206.79968 243.76422 314.1023 सब
269.44098 325.396 331.23718 275.28217 31.923512 22.232803 55.96047 65.65118 दिन
270.49545 314.15726 317.8483 274.1865 94.66961 87.54937 110.18319 117.30343 भर
290.20456 337.51572 360.28616 312.975 233.8382 192.63153 218.7753 259.98196 सिर
