10.528656 172.06053 172.01231 10.480432 13.626083 13.665085 213.4513 213.4123 भूल
150.88129 206.77026 220.38171 164.49274 264.7276 238.1369 266.74573 293.33643 वह
290.49048 374.49084 417.48364 333.48328 253.61868 180.73132 230.27917 303.16653 पर
191.16794 249.59659 253.06723 194.63858 47.64234 37.380806 57.14254 67.404076 समय
188.5506 259.3734 263.87598 193.05316 77.769646 65.85233 92.610435 104.52775 प्रबंधन
267.4932 327.35257 330.6815 270.8221 71.658356 61.585876 81.36914 91.44162 समय
267.08044 327.90668 334.443 273.61676 32.48075 21.9999 59.93389 70.41474 और
261.14914 322.98868 327.9866 266.14706 94.37068 84.36702 115.26282 125.26648 कुछ
233.2919 278.42856 294.73453 249.59787 250.11899 210.55865 229.16309 268.72342 कर
282.76407 328.866 351.74124 305.6393 195.7886 155.29962 181.34604 221.83502 रही
