283.89355 360.61554 394.36926 317.64728 259.34286 192.771 231.67111 298.24298 मार
161.58801 213.77277 229.56757 177.38281 281.24 256.17224 289.05304 314.1208 बंद
-4.882881 148.95975 159.90335 6.0607376 88.127075 62.836884 129.40796 154.69815 सेवक
183.0755 323.55658 332.4378 191.95673 71.07416 48.009384 102.10251 125.16728 अन्य
222.73512 312.38757 344.46454 254.81209 220.20543 141.0495 177.38008 256.536 मगर
147.39105 207.18884 222.3487 162.5509 255.5806 227.1987 259.139 287.5209 गए
42.00718 85.23924 90.35081 47.118748 21.945734 13.964802 41.653755 49.634686 यह
94.87146 143.49571 149.03645 100.4122 11.825394 2.8699188 32.95365 41.909126 इस
41.94574 97.05284 101.83159 46.724487 67.956184 58.29888 85.56771 95.22501 तरह
108.27139 147.58322 151.54398 112.23215 56.08523 49.154564 71.62059 78.55126 का
