4.2195377 52.10337 52.184753 4.3009243 26.261663 26.204231 94.06078 94.11822 हुई
-3.3498192 82.47691 90.1947 4.3679695 103.363075 89.16579 135.82205 150.01933 किन
-0.65548897 61.06671 66.16822 4.446022 181.51843 172.14197 205.72357 215.10004 उस
77.06221 171.2053 176.42204 82.278946 168.93611 154.63445 188.97447 203.27614 समय
236.77896 303.27365 328.88846 262.39377 207.80595 149.09642 178.10786 236.8174 लग
280.78116 363.27548 403.4656 320.97128 258.41083 186.78131 233.06747 304.697 आई
81.158035 161.17564 166.3761 86.35849 99.57601 86.24725 117.46754 130.7963 मँगेतर
165.8404 217.61081 221.17111 169.4007 94.58686 85.95263 107.29998 115.93421 आप
280.65018 310.81442 323.51035 293.3461 238.5192 212.22906 226.79584 253.08597 कर
38.039925 177.16974 190.61987 51.49006 26.005928 1.8870392 79.47411 103.593 उसका
364.85962 404.0683 423.10565 383.89697 280.68027 247.23795 269.55783 303.00015 वह
