40.050034 231.85655 250.68309 58.87657 33.892357 2.4715881 117.397224 148.818 कहा
242.56113 306.78763 326.84872 262.62222 228.91562 172.48569 195.31851 251.74844 मगर
285.35895 361.62067 381.63068 305.36896 275.86398 209.91318 233.05157 299.00238 समय
155.67758 211.4555 225.08722 169.3093 270.5576 243.94302 272.51193 299.1265 यह
222.61371 318.6277 326.58374 230.56976 19.823381 3.041771 48.56143 65.34304 लगती
222.16112 271.89404 277.224 227.4911 93.02782 84.925674 117.64247 125.74461 वह
219.29704 285.33105 306.36615 240.33215 201.42123 142.88062 166.6083 225.14893 साथ
24.641882 75.96398 79.263084 27.940985 147.64072 139.38452 159.89233 168.14853 उत्तर
23.662842 58.06485 62.179 27.776993 178.87527 173.60788 200.4779 205.7453 की
69.09741 129.81548 132.94145 72.22339 178.52391 169.22716 189.6432 198.93996 तरफ
341.8801 400.25424 423.9047 365.53055 272.9995 222.9526 250.53821 300.5851 रूप
