26.167154 90.111404 96.86771 32.923454 72.870865 61.855423 101.075516 112.09096 एक
25.55444 126.99501 134.09964 32.65907 116.68659 100.22284 143.99768 160.46143 लेखक
232.4826 313.7392 355.98077 274.72418 202.49425 130.62926 178.39113 250.25612 कोई
300.81586 377.74506 405.9685 329.0393 277.3956 211.05429 243.78214 310.12344 मना
144.96161 185.45517 202.14023 161.64667 242.69936 223.54855 258.8283 277.97913 गई
174.85307 222.56837 232.57338 184.85808 296.7505 273.7727 294.5489 317.52667 जब
135.91277 171.99623 170.66447 134.58101 12.853546 13.892754 60.134476 59.09527 हर
125.824875 196.34029 203.58595 133.07054 68.640495 56.731056 99.63232 111.541756 चीज़
126.937546 201.6534 206.22496 131.50911 136.82126 125.01721 153.95377 165.75781 बदल
272.28366 339.3157 359.34683 292.3148 253.08096 194.73782 217.7521 276.09525 गया
