171.15175 226.22581 236.22118 181.14711 292.86093 266.39255 287.1904 313.65878 धक
47.749634 147.35251 158.03357 58.430695 49.276707 32.19757 94.487885 111.56702 लिए
225.93474 275.6374 302.99146 253.28882 209.01326 165.06117 195.99419 239.94627 पर
279.94333 351.85513 379.1901 307.2783 258.775 196.32999 227.80905 290.25406 अब
161.36818 208.25044 219.21849 172.33623 263.83792 241.55392 264.62906 286.91306 पर
128.36868 166.57199 170.37439 132.17108 108.662506 102.365005 125.4319 131.7294 घर
126.54681 182.12802 185.52267 129.94147 153.64905 144.97354 166.72202 175.39752 चला
331.46667 398.98395 429.0357 361.51843 274.65115 216.6857 251.68954 309.655 किए
27.718275 77.25182 80.314445 30.780897 133.5593 125.43277 144.10034 152.22687 समय
26.483263 88.27873 92.408966 30.613497 159.34157 149.62874 175.9063 185.61913 नकली
