148.32646 198.88414 207.73668 157.179 256.76016 232.889 251.63821 275.50937 नाम
166.77081 225.87228 239.0427 179.94122 290.09723 261.6607 289.03363 317.47015 कभी
221.41953 286.59918 318.5975 253.41785 208.27695 150.58765 186.74063 244.42993 यह
284.79242 366.99066 396.12927 313.93103 277.80472 206.73953 240.44296 311.50815 बात
2.022789 72.96304 78.35463 7.4143753 59.369354 46.754623 77.07475 89.68948 मगर
89.31817 218.95096 225.20984 95.57705 42.802578 19.860725 55.22649 78.16834 इजलास
236.31752 290.28754 295.91882 241.9488 16.316154 6.7191086 38.387085 47.98413 पर
2.5119705 84.53479 89.464455 7.441635 117.22196 103.609955 133.315 146.927 समय
99.59366 170.45352 177.51212 106.65225 100.3864 88.81627 132.04578 143.6159 खूब
187.89828 303.7483 308.89847 193.04846 85.09096 65.865204 96.89908 116.12483 मनावन
24.71145 66.52436 70.30391 28.491 187.50204 181.15842 206.07065 212.41428 इस
80.36014 175.6525 178.79666 83.5043 178.58488 164.03249 184.6212 199.1736 तापमान
