45.660877 160.16112 166.74745 52.24721 45.467484 25.12622 62.200485 82.54175 वापस
178.18196 270.37177 278.3369 186.14711 20.941341 4.6999664 49.91196 66.153336 आए
142.33017 190.73398 201.13858 152.73477 249.04758 226.24658 248.33432 271.1353 पर
173.86191 230.13937 240.67468 184.39722 296.685 269.57623 291.4474 318.55615 अब
222.2209 279.63806 309.77216 252.35498 207.20374 156.38138 190.42572 241.24808 भर
266.94946 334.65564 381.12982 313.42365 256.27148 197.3255 250.70645 309.65244 देश
61.595005 128.12881 132.70024 66.16643 118.36392 107.44556 135.30269 146.22105 प्रवाह
135.26077 190.61658 196.91385 141.55804 95.4751 86.39108 124.76509 133.8491 और
60.23678 119.67553 124.89707 65.45832 165.31377 156.20573 190.28133 199.38936 तरंग
127.02164 180.95511 186.69861 132.76514 151.59384 143.3294 180.81125 189.07568 और
354.00812 401.36914 428.61993 381.2589 275.3677 234.8605 266.72214 307.22934 रह
212.69803 319.56754 327.84402 220.97452 75.61592 58.19673 108.9745 126.39369 कमी
