164.64905 222.69373 230.73865 172.69397 25.251488 15.054939 60.85131 71.04786 बूझ
222.12462 272.71817 292.76428 242.17075 210.92752 166.17548 188.83823 233.59027 बात
256.70215 293.45532 314.29272 277.53955 248.8669 216.77051 240.63112 272.7275 पर
291.41385 364.4103 384.38443 311.38797 286.95358 224.02103 247.1893 310.12186 लगाव
146.39598 183.44157 191.74333 154.69774 245.26462 227.85977 245.52972 262.93457 वह
114.5479 184.62166 192.95473 122.88097 106.33492 95.14201 147.3117 158.50461 वह
147.01175 213.16284 231.58286 165.43176 271.942 240.27158 278.74606 310.41647 और
26.410767 123.69551 130.7156 33.430862 96.70894 80.48787 122.59042 138.8115 आज
22.14507 95.63135 101.85123 28.364948 166.68193 155.45665 196.17503 207.40031 कर
296.0162 356.99942 381.72018 320.73697 214.16866 160.90877 189.21434 242.47423 वह
