27.609417 92.54138 98.75842 33.82645 93.989746 83.05832 119.98712 130.91855 रख
150.72925 202.8295 214.78845 162.6882 244.59093 220.0177 245.37306 269.9463 पर
245.3699 336.84537 370.77756 279.3021 225.7203 145.33829 183.9534 264.33542 मगर
172.27286 253.16754 259.53024 178.63556 39.827797 25.719398 62.201805 76.3102 जीवन
174.55243 225.068 229.04361 178.52805 105.942345 97.677505 121.976906 130.24174 अब
312.94586 356.0511 376.98193 333.8767 241.79816 204.44937 228.6062 265.955 यह
334.56393 394.12234 422.35367 362.79526 265.4352 214.23938 247.08212 298.27795 सही
97.7041 165.28445 169.20996 101.62961 66.024445 54.22107 76.696655 88.50003 समय
97.08287 134.54773 138.19885 100.73399 108.457405 102.23224 124.20573 130.4309 पर
156.4865 222.80766 232.7975 166.47633 289.05023 257.29846 278.1646 309.91638 मगर
