158.57162 215.78488 232.63354 175.42029 278.62482 251.15466 286.2461 313.71625 गए
222.66573 312.37103 348.06 258.35468 232.97784 153.96338 194.48114 273.4956 एक
11.296959 191.1149 212.57898 32.761024 33.620796 4.678772 138.0358 166.97781 अंट
151.32089 203.29187 214.20642 162.23544 245.66127 221.16089 244.31322 268.8136 कर
306.675 346.25836 365.3352 325.75183 247.9604 213.66791 235.688 269.9805 यह
341.68796 403.18698 420.4412 358.94217 286.26874 233.6731 253.84808 306.44373 खबर
239.98685 330.03397 334.55014 244.50302 75.72281 60.693604 87.75232 102.781525 उदासीन
161.55193 185.89696 188.52534 164.18031 115.72322 111.73613 127.78493 131.77202 गए
160.60245 187.91986 190.78632 163.4689 133.48233 129.11557 147.04736 151.41412 लगे
160.59755 184.84502 186.8289 162.58144 163.11278 159.35542 172.15816 175.91551 वह
