215.64105 256.64368 278.4978 237.4952 69.33815 18.623787 36.29287 87.00723 उनकी
229.26573 269.03186 292.8095 253.04338 120.14451 72.74617 92.695076 140.09341 कमाई
97.64254 136.15544 122.08732 83.57442 306.59088 324.57404 354.70245 336.7193 असर
80.36485 107.946365 84.45647 56.874954 339.93546 356.15628 396.09787 379.87704 देख
177.31711 219.18677 209.98145 168.11179 12.799046 31.078411 52.1636 33.884235 जला
308.63013 353.1161 342.7544 298.26843 280.59787 296.11368 325.82205 310.30624 कोई
292.16843 330.1403 323.79202 285.82016 316.61203 330.0253 347.99673 334.58347 शक
123.84889 156.65793 131.98244 99.1734 351.32297 371.74863 411.38406 390.9584 यह
210.67665 239.14696 256.25842 227.78813 49.70971 14.002739 27.646278 63.35325 उसी
19.79055 50.97294 37.40161 6.2192216 303.23492 317.92206 346.73553 332.0484 कर
184.5577 219.77864 208.87035 173.6494 62.235687 77.25528 102.83522 87.81563 यह
182.02805 212.16214 207.91293 177.77884 95.60324 98.33153 145.26418 142.53589 कई
