391.8439 476.3815 477.0366 392.499 358.83362 356.7096 382.78302 384.90704 कर
153.32964 169.80534 168.20226 151.72655 11.569683 12.676636 36.53686 35.42991 हर
70.6306 140.22462 110.94966 41.355637 306.03607 338.98798 400.81635 367.86444 जल
40.691193 101.68721 97.57703 36.58101 128.38107 138.04977 163.97934 154.31064 भरा
38.909798 109.96264 104.870125 33.817284 186.0481 196.45139 231.23248 220.8292 हुआ
298.19846 348.08768 336.67184 286.78262 282.01154 299.47662 332.086 314.6209 पर
458.44595 518.282 518.53296 458.697 381.4639 380.6644 399.45352 400.25302 कर
35.52388 135.23055 129.8318 30.125137 225.31714 239.12338 278.1124 264.30615 उतर
351.99713 394.89288 388.0125 345.11676 253.84204 268.45465 288.65222 274.0396 एक
184.94221 211.7129 207.6498 180.8791 21.491951 23.825493 70.4381 68.10456 छूट
397.9294 427.85184 424.72305 394.80063 304.43127 311.58954 324.6682 317.50995 एक
139.28317 173.16364 142.41397 108.53351 344.43994 365.79077 414.58582 393.235 फूट
112.59767 174.33234 169.6306 107.89594 174.4237 183.75836 214.85324 205.51859 बन
