348.06494 385.37183 379.7981 342.4912 281.89816 289.98557 315.697 307.6096 किस
511.03442 553.6039 556.47205 513.9026 278.2025 273.24426 297.8692 302.82745 हुए
178.34885 242.59839 263.10645 198.8569 119.62662 90.665985 136.16339 165.12402 लौट
251.75882 348.65717 332.90475 236.00642 301.25253 345.3019 379.95352 335.90414 पर
363.5979 389.09747 386.9538 361.45422 36.42938 40.12428 54.918446 51.223545 एक
398.8135 439.70425 437.06534 396.1746 35.72474 41.650948 59.859398 53.93319 बोतल
447.86713 485.328 483.51575 446.05487 48.657654 54.08678 66.591354 61.162228 शराब
412.577 433.2206 433.75455 413.11093 268.50937 267.71378 281.56876 282.36435 यह
412.66693 434.26227 434.7671 413.17175 288.8323 287.96738 300.571 301.43594 कर
412.6292 433.19427 433.80817 413.2431 309.0037 308.14908 322.92148 323.7761 इस
285.03082 357.93915 347.76825 274.85992 365.02606 399.54913 421.0288 386.50574 ऑन
166.71465 195.17332 202.60722 174.14854 121.27003 108.33281 124.6856 137.62282 गया
