405.75632 513.1178 514.072 406.7106 351.11444 348.02393 381.17572 384.26624 सकते
83.18831 163.9539 132.4677 51.702106 293.21118 331.31952 398.0504 359.94208 रुख
212.13171 254.81131 273.41772 230.73813 55.76719 2.4651413 17.363525 70.66557 उसका
225.16301 255.08638 272.57037 242.64702 97.120026 60.897354 75.340805 111.56348 एक
240.33525 262.55847 276.46936 254.24614 99.476944 93.296646 143.31773 149.49803 और
253.31058 283.115 281.9172 252.1128 203.1256 206.15288 217.9453 214.91801 कण
181.98534 221.6266 209.98387 170.3426 41.24495 58.29055 85.366905 68.321304 गया
299.20444 355.41177 342.1672 285.95987 273.07465 292.72205 330.61206 310.96466 क्षण
350.51096 406.70187 396.8945 340.70358 250.84119 270.04364 298.7423 279.53986 गया
250.6315 281.30234 296.62296 265.95212 87.109375 50.399994 63.20044 99.90982 बात
