404.21652 447.24173 457.93607 414.91086 404.97858 382.5052 402.9795 425.45288 आप
468.042 525.5001 524.1354 466.67728 216.92107 222.5544 236.47417 230.84084 उस
437.67813 484.0021 480.22018 433.8962 49.732376 56.43711 82.56685 75.862114 यह
250.65884 312.55005 306.25302 244.3618 318.2206 346.0848 360.0717 332.2075 बात
54.714417 135.29414 141.17688 60.597153 134.48328 115.242615 139.87952 159.12018 शहर
179.13098 242.90384 256.16736 192.3945 123.344986 94.50191 123.82791 152.67099 साफ
274.05997 330.81595 323.43497 266.679 273.8741 297.76096 315.29837 291.41153 और
276.78964 319.00803 313.41507 271.1967 305.64737 324.02774 336.87442 318.49405 वह
393.4777 436.56192 433.7632 390.679 44.48329 50.722042 70.04967 63.810917 आप
282.1711 348.31577 339.87283 273.72818 367.41794 398.71152 416.55716 385.26358 हुआ
