511.8257 548.064 550.06433 513.826 270.62277 266.4675 283.9114 288.06668 एक
514.85864 552.428 554.5686 516.99927 304.3747 299.75708 317.17328 321.7909 रात
206.95258 262.0075 261.88702 206.83209 407.1319 407.81018 417.58728 416.909 कर
250.95358 301.04456 295.01828 244.92729 322.53976 345.191 358.51755 335.8663 मंच
394.24493 422.3824 423.0097 394.87225 273.16022 272.06763 288.2221 289.3147 बहुत
179.49368 227.54181 238.87418 190.82605 120.626495 98.85843 123.87207 145.64014 एक
9.837517 86.24247 86.12806 9.723107 406.57547 407.17783 421.6901 421.08774 वह
109.45061 185.9157 185.81276 109.34767 408.34607 408.87622 423.724 423.19385 एक
309.4306 345.47192 341.17145 305.13013 402.68903 419.97522 428.9416 411.6554 पर
484.75214 535.24304 532.7571 482.26617 3.7370396 21.10559 28.332434 10.9638815 मरे
147.19603 229.73341 229.36229 146.8249 383.6823 385.79895 400.27124 398.1546 हाथ
277.98346 322.8252 317.6043 272.76257 289.659 308.73676 321.00824 301.93048 उस
