266.92612 315.61703 310.45572 261.7648 314.1298 335.64993 347.32785 325.8077 कर
269.60492 328.71362 323.2987 264.19 344.81232 371.95227 383.7456 356.60565 सक
64.90524 202.51733 202.48315 64.87106 403.32916 403.49878 431.22998 431.06036 ऐसा
393.00107 427.67538 428.42166 393.74734 260.42447 259.11105 278.81265 280.12607 घर
59.696537 127.25177 134.74362 67.188385 138.2222 121.72006 152.38962 168.89175 पड़
170.50911 238.85051 253.64662 185.30522 119.32733 88.39177 121.07866 152.01422 सन्देश
201.34744 239.90482 239.73123 201.17386 402.19254 402.73843 414.99893 414.45303 रहे
242.85904 283.14044 283.02255 242.74115 406.71646 407.28683 415.6119 415.04153 यह
189.30887 272.252 272.2249 189.28175 416.95996 417.1306 430.3062 430.13556 बिरादर
431.2646 466.39423 479.6256 444.49597 403.87784 385.5695 410.9576 429.26596 पर
292.9572 355.1062 344.279 282.13 375.85193 405.5838 428.21613 398.48425 दिन
141.06595 226.81607 226.4313 140.68118 384.79263 386.7739 403.42752 401.44626 देख
