174.0539 249.68472 249.40247 173.77164 385.52628 387.6531 397.69058 395.56375 अगर
156.09439 210.11581 209.96567 155.94424 403.75192 404.462 415.88516 415.17508 वह
142.90982 203.16809 203.16095 142.90268 422.02182 422.06552 431.88712 431.8434 उस
349.36868 382.38583 376.08676 343.0696 279.82397 286.97803 316.0492 308.89514 ऐसे
190.90463 235.57263 251.21713 206.54913 119.33333 99.165115 133.81415 153.98236 और
138.65688 223.2411 222.78862 138.20439 259.49054 260.35742 304.50696 303.64008 एक
266.03723 326.79065 320.35382 259.6004 305.43506 332.11884 346.77417 320.0904 इस
267.33847 337.16367 330.71738 260.89218 332.61572 364.34106 378.52887 346.80353 तक
270.81506 323.0655 316.43408 264.18365 361.45236 386.01578 400.12186 375.55844 पर
223.23172 283.0993 282.94025 223.07268 404.2641 404.98273 418.23212 417.5135 और
163.81671 222.99149 222.89249 163.71771 310.59494 310.86526 332.53598 332.26566 रमक
13.21492 141.94215 141.9005 13.173257 403.63568 403.83508 430.7256 430.52618 पर
486.68134 541.62604 536.8747 481.93 68.44153 76.382126 109.25882 101.31822 कभी
389.83823 419.17325 419.87466 390.53964 259.37878 258.27014 276.8296 277.93823 पर
132.43503 187.18475 187.14514 132.39542 336.7923 336.8819 361.08868 360.99908 आप
276.50195 332.1233 324.1421 268.52075 282.74945 306.4566 325.18195 301.4748 हर
