412.92545 439.869 449.80917 422.86563 413.17523 399.11963 418.1742 432.2298 घर
453.39136 467.73315 476.3504 462.0086 390.28418 384.5429 406.06885 411.81012 न
94.22313 144.83508 149.35173 98.73978 131.92546 119.8206 138.70525 150.8101 पर
75.41345 247.69519 247.59595 75.31422 389.56256 389.9931 429.70074 429.2702 वह
180.02536 241.73883 262.24512 200.53165 118.87558 91.058105 136.55164 164.36911 वह
246.6008 328.131 316.61386 235.08365 299.65482 336.23117 361.90335 325.327 पर
213.58566 301.4758 301.46432 213.57419 419.1206 419.2011 431.73096 431.65045 सहन
268.53653 350.751 341.77255 259.55807 356.71732 395.48026 414.52316 375.76022 इनको
92.16384 125.41428 127.66572 94.415276 161.98984 153.72375 162.78018 171.04626 बार
24.803444 97.44529 97.30726 24.665411 404.0647 404.6834 420.89 420.2713 पर
266.02277 329.43768 322.94318 259.52826 340.74307 369.87546 384.01254 354.88016 अब
347.852 386.0197 380.44824 342.28052 283.02917 291.30518 317.0 308.724 गए
