462.99146 529.0862 527.71844 461.6237 216.39471 222.87482 236.82547 230.34537 साल
118.72301 167.75233 167.42915 118.399826 388.98883 389.9754 406.0359 405.04932 से
172.66669 257.681 257.44864 172.43433 395.27908 396.90884 409.0289 407.39914 फतह
97.10507 180.14223 180.125 97.087845 413.87006 413.95135 431.53632 431.45502 हुआ
134.53868 231.18123 230.52803 133.88548 253.82153 254.87256 314.93427 313.88324 घर
512.6222 546.49365 548.1824 514.3109 320.68143 316.38712 329.70743 334.00174 तक
181.31165 292.62915 292.60352 181.28603 414.24753 414.41995 430.959 430.7866 निकल
141.2548 189.77974 189.71794 141.19301 332.21738 332.32162 361.09396 360.98972 पर
562.2486 596.48456 599.5103 565.27435 346.19153 340.4265 358.39545 364.16046 गए
562.6106 591.4971 594.4016 565.51514 376.52478 371.789 389.50592 394.2417 पर
167.45093 261.35858 260.98364 167.07597 381.43463 384.14105 397.15137 394.44495 सबको
