554.6203 589.0943 592.3798 557.9058 335.3303 329.4705 348.7997 354.65952 ओर
392.01962 444.0455 439.1036 387.07773 30.317566 37.850388 71.98183 64.449005 गए
443.49652 483.2088 479.26752 439.55524 56.381737 62.12629 89.37241 83.62786 लोग
156.79587 213.5065 213.2799 156.56927 387.02188 388.61667 396.67477 395.08 खान
142.99176 213.02383 212.88864 142.85657 403.43884 404.49268 413.47717 412.42334 साहब
464.3504 525.2567 523.0643 462.158 9.783905 30.46416 36.921 16.240746 वह
512.9601 554.2919 556.78284 515.45105 298.78085 293.759 314.2604 319.28226 पर
498.42322 533.5729 530.6249 495.47525 80.57069 85.65147 106.04594 100.96516 कौन
6.262268 144.39444 144.35474 6.222561 404.87906 405.09305 430.7294 430.5154 बहुत
472.02533 521.46387 519.7637 470.32516 200.78711 205.94284 222.24597 217.09024 हर
