100.74301 271.12912 271.01926 100.63315 389.8732 390.353 429.37045 428.89066 अंग
452.6302 525.5182 523.2053 450.31735 -4.45306 20.558659 27.298584 2.2868655 कुछ
417.55893 492.522 490.19443 415.23135 -4.5464897 20.852411 27.722012 2.32311 कुछ
47.205734 97.7379 101.85423 51.322067 380.47803 368.05145 384.7904 397.21698 पर
134.40718 213.03304 212.65718 134.03133 289.97443 290.513 345.38428 344.8457 रही
255.43362 339.45456 332.66513 248.6442 305.19955 342.3611 357.71176 320.5502 जाल
56.86078 112.40796 112.25995 56.71277 401.48837 402.31015 412.31473 411.49295 रहा
44.47271 102.40326 102.36329 44.432735 417.44153 417.70734 426.41888 426.15308 सब
181.60039 236.78111 236.38957 181.20885 250.97888 251.59973 286.4016 285.78076 एक
349.15512 385.5604 380.46567 344.0604 280.9565 288.8466 312.35397 304.4639 हाथ
277.24905 346.39896 336.93216 267.78226 355.9625 388.4257 408.59085 376.12766 झूठ
