426.18585 527.7992 524.0862 422.4728 -5.8507385 28.565527 39.52816 5.111894 खुद
254.20114 345.35635 330.02213 238.86691 297.0898 338.2015 372.20145 331.08975 तुम
72.002335 119.06131 122.8499 75.790924 133.79663 122.68924 138.74045 149.84784 और
76.44902 127.83319 131.97255 80.58838 155.33508 142.62158 159.3516 172.0651 ऐसा
181.51799 238.30193 254.97731 198.19337 118.27902 92.625885 129.53735 155.19049 इस
145.49406 202.82729 196.0413 138.70808 279.5141 284.81476 358.21307 352.9124 हुई
457.14203 536.0023 534.0914 455.2311 -2.2516022 24.82848 30.393253 3.3131714 जान
271.9428 348.01056 339.69073 263.623 351.45386 386.9496 404.779 369.28326 बाद
141.76611 193.75208 193.46112 141.47516 255.02393 255.58276 282.6502 282.09137 पास
351.29678 386.15604 379.83127 344.97202 269.59668 277.13354 306.3866 298.84973 और
275.35297 325.9702 321.04144 270.4242 281.82324 303.1422 314.84448 293.5255 कर
