173.44194 227.21739 237.12013 183.34468 119.434875 95.0305 116.85138 141.25575 अनपढ़
449.0672 535.97015 533.8569 446.95392 -2.5914612 27.15226 33.32673 3.5830088 आपकी
416.0881 480.3456 478.7219 414.4644 -2.1268826 19.630814 24.426117 2.6684213 तरफ
46.53862 195.28577 195.1118 46.364647 400.8349 402.2904 420.07043 418.61493 जवाब
401.4949 453.58737 467.61765 415.52518 403.0862 375.89194 402.76785 429.96213 सब
351.2761 386.202 379.6248 344.69888 264.84088 272.38477 302.83502 295.29114 और
192.91989 271.15582 270.92426 192.68834 397.2089 398.50522 412.48123 411.1849 उस
177.02158 271.56363 271.5516 177.00955 417.57953 417.6601 431.78125 431.70068 वक्त
200.07953 240.8461 250.51926 209.75269 138.75266 120.377045 141.8371 160.2127 तक
174.34636 254.23271 253.8412 173.95485 377.89737 380.47885 392.595 390.01352 इतना
