213.90137 270.45123 270.10242 213.55257 385.27322 386.79526 399.75552 398.2335 और
176.02235 228.93324 248.5024 195.5915 118.123856 94.24733 137.61298 161.4895 और
390.81747 434.0413 434.8782 391.6544 262.83655 261.19183 283.18524 284.82996 कर
454.31122 519.5382 517.42676 452.19977 -2.760748 19.611126 25.767258 3.3953846 यह
415.43774 503.98993 501.36243 412.81024 -4.316574 25.624598 33.395603 3.4544315 जीट
248.725 350.31985 334.85794 233.26309 298.5209 344.58365 378.68607 332.62332 उसे
350.41663 384.909 377.1803 342.68793 269.40637 276.26642 315.1264 308.26636 दूर
96.40085 246.73163 246.60275 96.27197 397.36093 398.02225 427.31882 426.6575 गयी
452.2965 497.4433 494.81042 449.66364 57.65753 64.20288 82.36336 75.81801 पल
292.41226 350.3724 341.9352 283.97507 370.82745 398.20178 416.06592 388.6916 इस
124.16376 193.78061 193.50458 123.887726 391.12686 392.55862 405.98074 404.54898 कोई
505.94635 541.07916 538.13214 502.99933 82.817795 87.895645 108.28589 103.20804 कर
