240.38614 341.1646 331.88956 231.11108 304.25485 349.54642 370.18442 324.89285 नाम
57.200695 137.5908 143.65926 63.269146 133.92078 114.69382 140.06668 159.29364 भय
467.83337 506.34045 503.2234 464.7163 74.98314 80.55908 102.08513 96.509186 गए
272.76422 327.8108 321.53253 266.48596 351.48663 376.99573 390.5437 365.0346 सूरत
75.7741 106.06252 108.682686 78.394264 158.723 151.27666 161.93434 169.38069 एक
512.4644 546.24994 548.16156 514.37604 278.036 274.10083 290.51337 294.44855 भर
374.2228 443.8511 439.72977 370.10147 28.897415 38.98266 67.43625 57.351006 भाव
412.4226 439.78326 451.1595 423.79883 397.42065 383.1267 404.90247 419.1964 और
302.78683 352.4034 346.7305 297.11392 385.78912 409.3034 421.27362 397.75934 और
434.7064 464.43576 462.95865 433.22928 71.34514 75.64604 85.856155 81.55525 डाल
