465.23737 523.501 521.88904 463.6254 213.32935 219.06305 235.44272 229.70901 एक
154.1395 238.16061 237.75723 153.73611 384.50888 386.41818 404.16946 402.26016 ओर
132.54883 246.0444 246.00974 132.51416 416.26312 416.5683 429.45868 429.1535 अपना
136.31923 234.16945 233.64018 135.78996 256.09015 257.12976 306.9453 305.9057 उस
95.78378 188.27719 188.11996 95.62655 401.8143 403.12985 414.18515 412.8696 आप
201.47916 271.08664 270.93173 201.32425 404.17233 405.05197 417.30942 416.42978 एक
139.70595 195.06181 194.98997 139.63411 321.9061 322.08853 343.88187 343.69943 कर
392.10837 417.0461 417.57254 392.6348 259.29294 258.3505 272.28024 273.2227 कर
182.94139 239.08131 257.15906 201.01915 120.247185 94.920654 134.99261 160.31914 ऐसी
44.348625 85.59695 89.7644 48.516075 355.85727 346.21097 364.03122 373.67752 इन
44.751244 83.90519 87.546165 48.39222 381.7098 372.0696 386.85757 396.49777 पर
