267.11136 324.05856 317.3434 260.3962 308.7589 333.88763 349.10565 323.97693 कर
270.17032 318.43088 311.4122 263.15164 344.66068 366.92416 382.13858 359.8751 पर
52.446243 144.54001 148.57162 56.47786 140.69354 118.81201 135.78009 157.66162 उसका
183.37653 233.61743 246.92377 196.68286 116.18522 93.43663 122.82409 145.57268 कर
390.7179 434.0404 435.01056 391.68805 264.00433 262.35205 287.78986 289.44214 पर
348.0649 369.5295 365.4044 343.9398 281.89816 286.5513 305.5804 300.92728 पर
282.5321 352.23047 345.44623 275.74786 371.87943 404.85428 419.194 386.21915 भगा
36.56823 88.38822 93.354866 41.534874 367.3353 354.97934 375.80905 388.165 दिन
76.16832 126.42079 131.34169 81.08922 155.40211 142.88957 162.65273 175.16527 हम
159.24774 183.6589 193.03168 168.62051 125.993004 114.911606 135.55884 146.64024 और
462.40613 524.98254 523.2394 460.66293 205.54884 211.89085 229.09111 222.7491 धन
