482.60468 539.7611 535.0075 477.8511 65.53157 73.79335 106.67943 98.41765 इसके
143.36023 214.0021 213.7338 143.09192 291.16986 291.64484 331.5501 331.07513 एक
56.796623 138.31024 143.07153 61.557915 137.26051 117.86087 137.86693 157.26657 बेशक
192.01193 242.51584 256.7587 206.25479 116.19025 93.35489 124.85516 147.69052 लोग
378.29752 427.10635 421.66727 372.85843 23.668404 30.736092 68.29813 61.23044 गई
77.80101 125.64876 130.58025 82.7325 156.62393 144.67249 164.4158 176.36725 पर
513.0911 554.31085 556.1009 514.88116 312.29367 307.15067 321.4971 326.6401 तब
432.95627 479.3411 474.57156 428.18674 43.237778 49.95069 82.906944 76.19403 रही
432.7806 470.62216 480.62338 442.78183 396.57498 376.82022 395.9783 415.73306 बता
166.50772 190.55832 190.55222 166.50162 347.16473 347.1764 359.82294 359.81128 उन
