547.02484 595.42377 599.21356 550.81464 364.1943 356.19125 379.11002 387.11307 उस
407.66714 454.65012 469.34042 422.35745 399.85718 375.33478 403.48035 428.00275 उठ
244.81241 336.05927 326.0756 234.82872 300.8746 341.70145 364.0148 323.18796 अपने
390.634 435.1027 436.1567 391.68802 261.67908 259.99084 287.75385 289.44208 और
96.068634 277.9871 277.94852 96.03006 389.43237 389.599 431.7094 431.5428 और
549.87244 594.1411 598.50195 554.2333 334.75458 327.26422 353.03748 360.52783 पर
275.5937 352.53088 343.83704 266.89984 359.34656 395.55896 414.03003 377.81763 अब
487.58643 524.3243 522.93774 486.1999 199.69208 203.62311 216.5813 212.65027 इन
470.83463 503.92172 502.8713 469.7842 219.00848 222.27429 232.91672 229.65091 पर
402.9599 428.74323 429.2032 403.41986 290.142 289.10757 300.57217 301.6066 उस
