411.81958 448.8199 460.85095 423.85065 399.35822 380.03546 403.07318 422.39594 वह
449.75647 516.05145 514.144 447.849 3.7852936 26.343193 31.94909 9.39119 गया
355.01868 380.9901 376.59106 350.61963 264.45926 270.06772 290.4387 284.83023 पर
285.48032 333.02737 326.4174 278.87033 361.51666 383.68445 397.86206 375.69427 और
188.14406 233.39516 242.32027 197.06917 113.287025 92.74184 112.399574 132.94476 प्रबंधक
201.31212 220.98347 227.23503 207.56367 148.34758 139.48268 153.35493 162.21983 सर
275.9897 327.41907 321.9322 270.5028 288.7592 310.65958 323.54465 301.64426 उस
419.74158 480.4187 476.30396 415.62683 41.32013 50.104744 78.52625 69.74164 एक
43.27569 85.16567 88.32046 46.430473 381.44446 371.14313 383.97192 394.27325 कर
347.00177 396.39874 391.79596 342.399 287.54572 298.26685 319.47406 308.75293 सवाल
473.65393 543.9772 539.71387 469.39062 65.39406 75.56094 105.0497 94.88281 इनको
