266.31827 336.96 327.92514 257.28342 320.06647 351.95447 371.96948 340.08148 हुआ
391.82175 429.79874 430.7266 392.7496 265.12552 263.67386 287.94797 289.39963 थर
459.31436 492.39218 489.43082 456.353 52.638405 57.428276 77.87885 73.08898 खड़ी
456.03537 489.05887 486.4373 453.4138 76.28686 81.06049 99.196495 94.42286 रहती
125.27521 263.8129 263.58646 125.048775 396.98572 398.47296 419.56598 418.07874 बाग
384.30133 445.1228 440.67267 379.8512 29.196915 38.005707 68.732086 59.923294 गया
45.5875 118.498795 118.432014 45.52072 411.81238 412.1562 426.3177 425.97388 पर
451.29187 519.1865 516.78064 448.88602 1.0285091 24.171593 31.229555 8.086471 और
494.2115 528.3086 524.21136 490.1143 70.69201 75.621086 103.96372 99.034645 उसे
423.64505 477.4299 475.41202 421.62717 2.2017994 20.353708 26.332779 8.18087 पर
