6.830654 50.738808 49.44398 5.535829 121.22978 124.74245 140.92769 137.41502 उनका
59.296333 122.97105 121.10441 57.429695 118.23364 123.32764 146.66055 141.56656 आकर्षक
445.15762 485.5286 485.45334 445.08237 12.069843 12.228859 31.337349 31.178333 वह
86.39136 138.40475 128.39548 76.38208 291.69897 317.93823 337.77936 311.5401 साफ
205.76114 233.19806 233.21619 205.77927 37.12337 37.09383 53.94196 53.9715 एक
240.84792 284.094 284.1098 240.86372 37.08218 37.032215 50.73135 50.781315 व्यस्क
527.2537 597.3863 597.04926 526.9167 17.070946 17.819504 49.39338 48.64482 बार
285.57004 335.91275 341.5012 291.15848 81.48766 77.28639 144.25082 148.45209 पड़
222.24771 279.47128 286.89255 229.66898 106.413376 100.020615 166.45064 172.8434 यह
168.14166 211.57922 211.61957 168.182 4.730488 4.6555595 28.03584 28.110767 तत्व
