277.0013 349.89798 356.01797 283.1213 102.219345 91.03169 130.90855 142.0962 जगत
31.23579 79.79236 79.89349 31.336926 155.76582 155.56297 179.76982 179.97267 अब
235.55153 307.6479 307.6814 235.58504 23.691866 23.622559 58.487022 58.556328 रखा
488.55743 533.67236 530.71 485.59512 94.14499 100.04051 122.709274 116.81375 पड़
189.71857 229.37476 235.22662 195.57043 116.764244 111.754196 158.07349 163.08354 पर
246.04768 279.4077 283.05353 249.6935 115.21212 111.81546 147.62238 151.01904 वह
166.99557 218.72577 218.76105 167.03085 13.2418785 13.163586 36.48202 36.560314 गया
302.97845 353.28186 343.68774 293.38434 268.79144 287.9474 313.14148 293.98553 फिर
478.29688 561.1968 557.5237 474.62378 62.269577 72.73395 101.83241 91.36804 आया
454.68915 510.23273 504.76385 449.22028 105.20383 112.804504 152.76917 145.16849 उसे
