8.151947 91.69078 91.782906 8.244072 156.69235 156.48679 193.92459 194.13016 समय
273.2123 351.41464 359.04233 280.84 90.874535 78.864655 128.53223 140.54211 सकती
507.763 596.32434 595.9736 507.41226 321.63562 322.11713 386.63232 386.15082 इसी
465.0042 550.6059 544.8151 459.21344 95.48424 107.06682 149.86418 138.2816 पर
289.47122 354.65244 346.569 281.3878 240.88678 266.57336 287.08557 261.399 उठा
549.8165 587.1825 584.1969 546.83093 99.967804 104.83748 127.74678 122.877106 और
536.43396 583.35596 580.2798 533.3578 130.26456 136.65253 159.24777 152.8598 अपने
169.43666 227.32994 227.38048 169.4872 6.8238854 6.7530403 48.063034 48.13388 और
205.58737 269.0445 276.687 213.22989 126.978745 117.32268 167.54735 177.20341 विषय
300.05133 354.19897 344.3092 290.16156 273.21884 293.6675 319.85532 299.40665 वह
