140.16719 184.60161 196.1219 151.68748 250.92427 241.96356 299.09045 308.05115 रहे
92.94265 133.1651 124.77302 84.55057 300.31314 320.59146 337.23727 316.95895 गया
240.0145 288.8102 294.26694 245.47122 120.16886 112.700806 148.35449 155.82254 मना
305.83005 351.69473 357.16977 311.30508 109.973526 102.954056 138.72736 145.74683 कर
181.0613 217.86543 217.89284 181.0887 24.046743 23.998993 45.128387 45.17614 जब
234.93555 318.85962 318.891 234.96692 23.910275 23.814617 51.32314 51.418797 अमुतराय
533.2601 599.4118 598.95917 532.80743 8.882095 9.585571 52.15144 51.447964 भाई
503.35736 597.3906 597.08966 503.05643 326.45367 326.91852 387.8004 387.33557 करो
166.52725 223.15918 224.0722 167.44028 195.43675 194.04143 231.09825 232.49358 और
183.31877 227.64534 233.06178 188.73521 132.4525 125.67647 161.10893 167.88496 जरा
208.55785 251.76561 251.78032 208.57256 47.01402 46.9804 65.874115 65.90774 गया
189.45314 248.06804 249.10606 190.49117 255.44102 253.5625 285.95172 287.83026 कुछ
352.51883 388.41525 391.5463 355.64987 98.853195 96.87019 153.54884 155.53185 भई
