500.03937 591.8967 591.5999 499.74258 328.8554 329.2868 392.4823 392.0509 गए
105.613846 166.10835 166.78664 106.29213 271.8837 269.92654 290.89236 292.84952 शायद
179.32208 238.03033 238.84894 180.14069 263.88898 261.99854 287.42102 289.31146 कंबल
247.93619 316.43918 326.3024 257.7994 92.80568 82.33388 146.85558 157.32738 कपूर
526.87164 597.9754 597.65436 526.5506 21.191994 21.948128 52.137558 51.381424 रुक
79.42259 127.46672 124.94087 76.89674 111.309265 115.15167 146.73395 142.89154 रहा
157.79749 245.13 246.33646 159.00394 226.79013 224.23178 265.4156 267.97394 तरह
33.0804 76.91437 74.8609 31.026934 119.50961 123.04117 148.52893 144.99738 कर
263.22025 312.2955 313.3257 264.25046 183.97061 182.78452 225.40982 226.59592 गई
187.86324 245.83418 254.35637 196.38542 121.94236 113.11534 169.08435 177.91136 इस
