102.23543 145.44809 146.2366 103.02394 267.05228 265.66208 290.17233 291.56253 यह
157.23782 188.12314 195.67441 164.7891 256.10052 249.88885 287.43463 293.6463 भी
207.8378 276.0302 276.8078 208.61539 263.99454 261.8008 285.9719 288.16562 समझ
89.956955 140.90694 127.303085 76.3531 293.5193 319.10992 346.19464 320.604 कोई
503.98608 576.063 576.005 503.9281 326.69864 326.9028 347.36893 347.16476 उसका
505.82404 585.861 585.85834 505.82135 373.62976 373.6405 393.70404 393.6933 अपमान
34.214436 98.59793 98.68083 34.297337 174.87624 174.62584 195.9423 196.1927 जाए
222.17216 276.5204 277.3493 223.00105 209.85658 208.44112 240.26695 241.68242 फिर
237.23827 308.47308 308.5047 237.26988 25.806673 25.745663 62.684883 62.74589 गया
274.53455 334.24762 336.71185 276.99878 369.56384 364.1513 391.33777 396.7503 इस
203.81711 232.27728 232.30212 203.84195 23.799883 23.76056 41.73777 41.777092 एक
