304.58246 363.71698 371.01593 311.8814 91.99622 82.9267 130.51697 139.58649 बात
473.00214 582.033 577.48895 468.45807 73.527336 87.654396 122.725 108.59794 प्रकाश
169.69849 223.60568 223.65216 169.74496 6.84019 6.7614403 38.585773 38.664524 मिल
203.17038 299.19598 306.68045 210.65483 115.573425 100.89435 149.85513 164.53421 बात
73.547745 121.394714 118.964615 71.117645 112.04436 115.87102 146.256 142.42934 कुछ
264.37958 323.78613 326.30798 266.90143 370.57397 365.2083 393.12946 398.49512 दिन
239.04608 325.08588 325.1148 239.07501 28.972992 28.90155 63.719826 63.791267 आदमी
508.9203 585.30096 578.55347 502.1728 111.94554 122.51442 171.2784 160.70952 खूब
8.258461 65.13745 63.180244 6.301258 118.712326 123.294846 147.58784 143.00533 आया
317.89264 377.6729 379.82904 320.04877 372.1022 366.76065 390.89133 396.23288 चीज
