203.90027 279.6998 279.7323 203.93277 23.730743 23.673737 66.89926 66.95627 मगर
306.16907 338.31158 332.9228 300.78027 248.10513 260.88528 274.43832 261.65817 एक
301.84952 344.27127 338.23416 295.8124 261.41135 277.93008 293.434 276.91525 उनके
295.6121 337.9559 332.0731 289.72928 280.62558 296.67905 312.19595 296.1425 शहीद
277.09143 369.386 371.50946 279.2149 374.9788 365.8345 387.26718 396.41147 उत्साह
525.8714 593.0584 592.738 525.55096 22.555614 23.268787 53.453915 52.74074 बाढ़
289.88177 335.40106 335.4168 289.89752 44.802563 44.764767 63.71127 63.749065 गया
413.18988 482.69104 484.42548 414.92432 366.8016 360.05142 377.90964 384.65982 ऊपर
455.93994 597.1931 590.5646 449.31143 82.91383 101.902374 151.21089 132.22235 करना
508.11316 567.86743 563.61145 503.8572 131.4168 139.69807 170.40715 162.12587 रात
427.82852 489.40244 489.30814 427.73422 8.801201 9.049698 32.413975 32.165478 भाव
