283.21097 336.04782 343.25247 290.41562 105.21119 97.13422 144.2645 152.34146 मन
179.27893 246.04718 247.35797 180.58972 215.56955 213.66507 259.6184 261.5229 चुप
526.7274 586.4365 586.2656 526.5565 322.9473 323.19083 365.10587 364.86234 डर
429.61874 470.48416 470.3763 429.5109 12.015106 12.195881 36.575447 36.394672 रह
19.716799 79.95553 80.04283 19.804102 156.70213 156.56871 195.9836 196.11702 कोई
185.35004 232.6771 232.71588 185.38882 13.20098 13.134338 40.682682 40.749325 मिल
15.055412 41.393604 41.349255 15.011064 239.66077 239.74237 254.05676 253.97516 वह
203.53246 268.15863 275.06018 210.43398 117.57211 107.68643 152.80405 162.68973 गया
289.5652 320.18066 320.20435 289.58887 21.518412 21.472881 37.386803 37.43233 उठा
289.39716 315.22693 315.24042 289.41064 46.923195 46.90107 62.6791 62.701225 कर
498.415 530.5626 530.59973 498.45212 370.78027 370.72424 392.00476 392.0608 पर
466.5581 507.82422 507.69153 466.4254 19.511639 19.726192 45.24258 45.028027 धूप
