555.54407 594.17786 594.0476 555.4138 313.44357 313.66354 336.53403 336.31406 उन
87.469086 144.05574 134.56175 77.9751 298.84177 327.63968 346.29495 317.49704 मचाए
135.70322 195.46063 196.56601 136.8086 213.42519 211.79088 252.20854 253.84285 आईं
210.207 269.65997 270.63675 211.18378 210.59381 209.00476 245.5503 247.13934 और
147.62897 215.48807 216.36469 148.50558 269.24063 267.006 293.62692 295.86154 अदब
229.49512 255.927 262.8893 236.45743 256.41904 251.6044 289.8267 294.64133 के
24.491505 74.942825 75.04697 24.595638 155.78362 155.59755 183.83553 184.02159 राव
238.14243 285.8326 291.84518 244.155 98.86788 93.88396 151.41714 156.40108 सिर
301.5133 339.42072 342.58966 304.68225 106.226425 103.29022 144.20253 147.13873 पर
504.64874 588.5577 588.3571 504.44818 339.72342 340.02475 395.87234 395.571 बेल
240.70793 319.36725 319.9699 241.3106 183.18462 181.45702 208.89735 210.62495 अभी
194.84587 231.20036 231.89418 195.53969 297.99203 296.68417 315.96988 317.27774 हाय
