104.88669 138.81613 105.866745 71.9373 338.39957 358.89908 413.43472 392.9352 गई
20.288643 133.69981 123.80196 10.390795 106.72572 124.284775 188.2134 170.65434 यह
19.946907 128.27133 119.61378 11.289349 197.45914 212.49503 274.86743 259.83154 वह
403.32053 454.9739 455.36234 403.70895 362.21103 361.00735 377.67703 378.8807 इन्द्र
294.38342 348.74683 338.39307 284.02966 276.11093 295.07565 324.75528 305.79056 साथ
419.74997 548.29846 548.9739 420.42538 371.02472 368.61243 404.60297 407.01526 उधर
354.26505 402.67105 392.86545 344.45944 249.76675 266.2914 295.0151 278.49045 पर
75.73544 123.824875 112.369644 64.28021 294.14264 316.542 341.13538 318.73602 उजागर
130.63657 170.48874 158.96536 119.1132 319.5368 338.09937 362.839 344.27643 करता
331.81717 426.4565 426.81473 332.17538 382.28555 380.97855 406.91507 408.22208 कम
