185.20209 248.65778 257.76486 194.30917 118.417076 108.75491 168.56534 178.22751 लहर
207.62106 286.9997 287.03003 207.6514 26.906776 26.845016 65.8467 65.90846 बना
284.12628 325.9361 327.5761 285.7663 373.99667 370.13937 387.91562 391.77292 वह
448.01962 500.24796 500.1116 447.88327 5.647949 5.87899 36.706985 36.475945 ईश्वर
249.81999 299.83655 305.60846 255.5919 93.08356 88.12044 146.28755 151.25067 और
317.81104 359.1079 362.42828 321.1314 99.60125 96.70163 143.99106 146.89069 यह
422.92352 479.08643 481.40454 425.24164 360.89087 355.8725 381.81525 386.83362 और
470.83832 504.5365 504.4792 470.781 36.544823 36.726562 47.350227 47.168488 साथ
524.25226 595.644 595.2537 523.862 21.163013 21.915218 58.95281 58.200603 और
87.28334 148.93027 137.26929 75.62236 292.15433 323.6263 346.46768 314.9957 वापस
151.36989 177.70448 170.41475 144.08015 324.87183 338.19855 352.60358 339.27686 दिन
