460.0584 596.9957 587.4672 450.52994 75.71658 94.45532 164.08646 145.34772 कर
140.84247 229.72427 231.37753 142.49573 223.61345 220.90057 275.06573 277.77863 दिए
522.7043 594.41205 593.9494 522.24164 14.268898 15.024437 58.93907 58.183533 और
276.78613 336.19153 337.86542 278.46002 380.29767 374.9666 393.61908 398.95013 बात
353.1775 398.76373 400.4773 354.89105 372.99655 368.90567 388.00034 392.09122 पर
292.4329 351.6111 340.86215 281.68393 236.41858 259.67633 287.02655 263.7688 गए
261.10202 316.55698 317.26602 261.81107 195.95284 194.62132 224.15074 225.48225 हुआ
428.78528 478.87335 480.44287 430.3548 361.421 356.79996 373.81235 378.43338 अब
188.26274 245.94319 252.00972 194.32927 118.80666 109.96245 149.5274 158.37163 तरह
259.87674 349.01718 356.51462 267.37418 107.55791 93.93489 142.99345 156.61647 घूमकर
348.29712 386.32703 389.45996 351.43005 101.326614 99.15431 154.00166 156.17397 शेर
