232.48367 335.06888 344.64334 242.05814 97.10095 81.41913 144.05188 159.7337 साहब
531.18335 582.39246 582.0836 530.8745 17.11467 17.663254 46.494453 45.94587 पर
165.4437 221.73581 236.30219 180.01007 195.45819 184.86206 262.24615 272.8423 हुई
498.85278 596.3096 595.9381 498.48132 324.01053 324.51633 396.08456 395.57877 इस
184.36475 234.72714 242.3612 191.99881 117.40315 110.92168 170.23997 176.72145 वह
179.99307 209.83914 210.6665 180.82043 298.4883 297.40115 320.11435 321.2015 पर
212.35678 256.34555 257.45993 213.47116 289.41812 287.81583 318.40994 320.01224 लिए
228.22675 306.2824 306.80334 228.74768 196.61223 194.81166 217.39412 219.19469 नानक
556.787 587.3098 587.31104 556.7882 375.52237 375.52054 395.46432 395.46616 यह
272.89005 320.98752 322.43747 274.34 381.30478 376.95126 392.9706 397.32413 तक
333.76712 401.97653 403.569 335.3596 375.7159 369.12222 385.59555 392.18924 नजर
36.079765 72.01995 72.127846 36.18766 158.78172 158.63387 184.8579 185.00575 पर
