509.14496 591.8217 591.65717 508.9804 343.34244 343.60892 394.655 394.38852 इस
313.62674 369.9326 372.07413 315.76828 373.40613 368.39313 392.4464 397.4594 बात
167.4452 208.97514 209.00523 167.4753 25.756277 25.710697 53.128372 53.173954 इस
228.35812 289.68027 289.70822 228.38608 25.640532 25.56678 48.82953 48.903282 समय
525.01526 593.4772 593.0409 524.579 12.918694 13.644051 54.82554 54.10018 अंत
469.98767 528.72815 525.69275 466.95227 64.85614 72.25511 96.35327 88.9543 मगर
539.19836 588.3268 584.782 535.65356 73.27336 79.49452 107.48721 101.26605 इस
452.4937 518.9376 515.76984 449.3259 106.9516 115.86313 139.48207 130.57054 खबर
146.47829 224.80446 225.62993 147.30376 208.38193 206.37378 238.57083 240.57898 पास
160.91026 224.82826 225.90163 161.98363 276.9847 274.7736 305.80173 308.01285 सब
523.1016 581.6911 576.8608 518.2713 106.81525 114.704254 150.57736 142.68835 सिर
212.64235 253.10524 253.84074 213.37785 248.96909 247.74649 272.0881 273.3107 इस
