523.5322 575.40674 575.3519 523.4774 338.59085 338.6826 369.69742 369.60568 कह
152.81807 259.19806 261.0962 154.71617 234.04071 230.58286 288.97705 292.4349 करने
244.10974 345.9629 355.2661 253.41296 95.296814 79.716644 140.53519 156.11536 उसका
59.238968 106.53584 104.49049 57.19362 112.145706 115.911606 141.59966 137.83376 वक्त
496.18103 548.05676 548.11145 496.23572 369.5912 369.48212 395.48456 395.59363 एक
174.74095 235.33128 236.0417 175.45137 195.75696 194.31732 224.21692 225.65656 तरह
243.92871 289.6123 290.15765 244.47406 194.38684 193.33734 217.07437 218.12387 उन
191.78273 248.65776 256.3758 199.50075 115.88669 108.75491 170.30524 177.43701 पर
299.15033 353.78955 344.98572 290.3465 243.68109 265.18408 287.55457 266.05157 यह
18.983341 55.017796 52.781322 16.746868 116.08768 118.990875 146.75006 143.84686 बाद
95.772316 155.12787 156.30206 96.946526 256.85843 254.93808 291.23154 293.1519 एक
344.8014 403.29718 407.81665 349.32086 126.79407 117.892944 147.59381 156.49493 उत्तम
296.4411 356.87653 348.0766 287.64117 275.15292 297.97617 321.2781 298.45486 सत्य
