528.01825 595.77435 595.2537 527.4976 8.823154 9.537052 58.95281 58.23891 बेग
464.42505 536.42554 532.019 460.01846 86.98337 96.48458 129.87802 120.37681 भीतर
543.21875 594.97107 590.0194 538.2671 96.98236 103.8459 141.18277 134.31923 गई
264.36 296.00482 299.24866 267.60382 85.2638 82.331245 117.335045 120.2676 एक
267.00717 305.84158 309.82523 270.9908 130.7427 124.80936 150.88269 156.81604 तरफ
317.0586 347.02588 351.01825 321.05096 123.03701 118.45842 144.58899 149.16759 रख
101.34423 192.00027 193.1326 102.476555 257.17737 254.25269 289.352 292.27667 उदर
214.40248 273.62897 274.70258 215.47612 254.05031 252.14856 285.58557 287.4873 पर
491.83313 558.3147 555.6492 489.16757 128.39986 137.21983 157.3116 148.49162 अगर
77.56793 120.60173 118.17395 75.14015 111.188095 114.624725 145.02556 141.58893 पग
208.7387 247.29445 252.5641 214.00835 121.35866 116.796844 161.33522 165.89703 पर
505.4879 562.07324 558.8446 502.2593 74.30274 81.49598 106.893684 99.70045 रखा
203.56128 286.51572 287.40854 204.4541 191.09848 189.09363 226.0362 228.04105 समझ
