144.29768 206.40096 207.16338 145.0601 210.35289 208.76454 238.57454 240.16289 गया
155.74225 223.5105 225.16794 157.39969 264.56888 262.19186 309.44547 311.82248 इसी
256.98795 313.74185 321.02145 264.26755 99.42521 90.72078 138.18466 146.8891 दस
521.3344 596.0517 589.59503 514.87775 91.73155 101.75932 149.86858 139.8408 वह
203.0998 259.74808 260.47437 203.82608 232.79399 231.19565 256.93665 258.535 उस
180.41293 245.63785 253.63324 188.40833 121.137985 111.186905 163.59328 173.54436 बाग
264.3372 345.34384 347.55563 266.54898 373.72995 365.6248 387.73062 395.8358 अनुपमा
424.00757 509.78583 509.68915 423.9109 12.975315 13.346455 35.686153 35.315014 भवन
320.23102 368.26532 372.49457 324.46027 89.49929 86.1911 147.599 150.9072 खून
90.84738 149.82848 138.28084 79.29974 293.97382 323.6723 346.6059 316.9074 मदद
452.56006 522.2398 516.9744 447.29468 95.27049 104.66812 143.7087 134.31107 दिए
