22.451797 69.00275 66.94917 20.398226 119.84073 123.59665 149.04861 145.2927 सच
498.9912 571.01733 570.97314 498.94702 333.67996 333.74063 386.2272 386.16653 कुछ
305.45874 365.80664 367.67413 307.32623 373.3987 367.92856 388.53122 394.00137 करने
464.04517 586.05334 576.2224 454.21423 72.71832 89.38742 161.34442 144.67532 यह
72.89921 125.50431 123.26743 70.66233 110.812515 115.00105 143.09471 138.90617 करते
556.64966 595.2844 595.1417 556.50696 312.24084 312.46973 336.54724 336.31836 वह
43.80547 87.61456 87.7159 43.906803 159.75594 159.53618 179.73714 179.9569 मगर
84.60622 131.83284 121.30113 74.07451 290.7876 314.59723 335.487 311.67737 अहा
428.97375 481.0949 482.6444 430.52325 367.04523 362.01697 378.0786 383.10687 उन
271.84418 306.3435 306.36774 271.8684 31.091816 31.05413 53.231945 53.26963 यह
