181.43036 242.9621 244.35031 182.81857 247.46524 245.47452 288.38297 290.3737 कई
302.97845 350.6753 341.79675 294.0999 268.79138 287.00513 310.25568 292.04193 पर
455.62555 592.8335 585.12823 447.9203 89.94728 108.75305 164.97104 146.16527 महसूस
7.1981926 67.23871 67.32312 7.282612 159.81937 159.67166 193.98477 194.13248 कह
291.67065 332.80347 325.62616 284.49335 294.44147 309.65155 329.06128 313.8512 वह
534.28577 588.5902 584.7295 530.42505 71.640854 78.53201 108.95561 102.06445 यह
154.41324 197.25543 197.6362 154.794 200.98924 200.01851 216.8231 217.79384 समय
159.22197 211.81325 212.34016 159.74889 224.13696 222.7608 242.89719 244.27335 प्रबंधन
221.52187 263.0011 263.4311 221.95186 226.2138 225.12836 241.56018 242.64563 समय
311.3538 353.96066 346.2662 303.65933 243.014 259.964 279.30533 262.35535 वह
