28.527481 138.59547 134.6509 24.5829 125.178116 142.67332 167.48997 149.99477 सरकार
28.237335 84.132416 79.996994 24.10191 182.0291 190.3084 218.2274 209.9481 एक
28.018372 81.96983 76.8706 22.91914 224.9307 232.41711 269.16513 261.6787 नये
92.422066 146.32463 124.802376 70.89981 325.56668 351.01486 396.60184 371.15366 करने
300.44498 342.39627 335.65317 293.70187 298.9138 313.60733 332.8594 318.16586 पास
184.86266 215.86742 211.51286 180.5081 36.23094 39.013695 87.53111 84.74836 कई
180.04555 214.463 205.78285 171.3654 100.43666 114.88152 135.56346 121.1186 बार
390.43045 427.57065 423.50882 386.36862 306.48666 315.47586 332.25797 323.26877 पर
353.60547 405.06256 395.97992 344.52283 248.35892 265.89725 292.5455 275.00717 कहा
82.54779 143.30576 140.78052 80.022545 163.02936 172.45996 188.72922 179.29861 उठकर
82.17903 120.9117 118.48259 79.74992 189.58708 195.4121 211.56407 205.73906 चल
