295.54257 446.85843 446.32565 295.0098 219.0622 219.75592 335.95612 335.2624 पत्र
559.3091 603.09607 594.65295 550.86597 130.38242 144.74881 170.48239 156.116 मर
265.31244 348.2909 348.28436 265.3059 402.64676 402.65994 443.82883 443.81564 अपने
45.87452 96.28703 96.1159 45.70338 181.5472 181.77718 219.29091 219.06093 पर
117.31261 206.79616 206.62526 117.14171 181.92563 182.33386 219.79507 219.38684 समय
228.73074 353.00998 352.82346 228.54422 182.5159 183.07245 224.72156 224.16501 बदलता
376.0825 441.7408 441.54337 375.88504 183.29648 183.64429 220.91492 220.56711 गया
466.2682 531.4955 531.1776 465.9503 164.9169 165.28674 221.34805 220.97821 और
51.022537 245.59364 245.43736 50.866257 242.96594 243.57098 293.825 293.21997 मध्यकालीन
58.305664 114.55032 114.47998 58.235317 329.85812 329.93808 379.41568 379.33572 युग
134.03185 198.59273 198.53322 133.97234 330.03925 330.14954 364.99347 364.88318 तक
