243.5557 274.2225 291.34518 260.67838 71.298645 63.152283 127.61014 135.7565 ऐसी
177.22897 216.96176 211.7225 171.98972 3.3608398 6.8939247 65.81424 62.281155 लगे
357.1734 427.95074 428.37128 357.59393 377.34143 376.19855 402.23993 403.3828 गए
431.1218 540.67163 541.37317 431.8234 366.0099 363.6961 396.91345 399.22723 वेतन
12.145836 84.65442 79.48615 6.9775715 129.56816 140.89171 173.98592 162.66237 मन
13.313942 97.75257 93.03959 8.600958 214.98715 226.87454 260.3519 248.46451 भाव
30.85521 132.97621 127.432846 25.311844 169.98946 185.16817 222.4634 207.28468 अन्यथा
211.93646 254.11931 280.0393 237.85646 79.5119 27.496231 48.51642 100.53209 धमकी
419.73068 493.51736 494.36667 420.58 339.5068 336.97495 361.72696 364.25882 ऐसा
80.42042 129.88376 124.28286 74.81951 98.269104 106.360596 140.59898 132.50749 ऐसे
