189.13248 249.34424 249.18503 188.97327 218.28894 218.51523 260.8802 260.6539 सर
272.64783 406.69897 406.54004 272.4889 218.6723 219.17606 261.47153 260.96777 उठाकर
190.36545 283.44604 283.30206 190.22148 268.7493 268.97647 327.9686 327.74142 उसने
556.19934 605.1023 595.70593 546.803 129.3621 145.407 174.04604 158.00114 धन
101.3168 178.69589 178.49274 101.11365 220.17151 220.43137 280.92313 280.66327 तुम
107.51814 194.38551 194.2871 107.41972 307.39655 307.544 365.5169 365.36945 खुद
113.46135 215.5564 215.54185 113.44681 390.9906 391.0243 435.1231 435.08942 ऊपर
238.76987 358.35153 358.33182 238.75015 375.37646 375.4159 435.17017 435.13074 जाओ
390.993 471.47415 471.3773 390.89615 372.97388 373.09918 435.3061 435.1808 और
408.56525 540.9917 540.4118 407.98532 211.03949 211.53888 365.32196 364.82257 एवं
