369.22357 455.3473 455.91467 369.79095 363.9049 361.9372 386.7697 388.73743 साथ
98.21471 153.67375 150.58894 95.1299 228.62698 236.53996 258.1601 250.24712 बात
162.44775 189.94986 182.13623 154.63412 4.623749 16.66033 34.513535 22.476954 एक
190.08307 216.66626 210.33282 183.74963 16.834084 28.489162 42.93465 31.279572 बाप
423.56503 545.3303 546.0038 424.23856 370.03452 367.69437 402.73886 405.079 बच
9.787987 77.86138 74.13572 6.062328 195.21744 205.13522 230.7073 220.78952 झुककर
9.738377 42.474777 39.51424 6.7778378 218.72359 223.38338 244.18196 239.52217 की
53.708572 98.38876 96.26956 51.58937 231.01282 237.37274 252.26071 245.90079 तरफ
207.00084 252.98933 281.59656 235.60808 65.77577 8.452858 31.403595 88.72651 कभी
235.02316 256.9127 269.0729 247.18338 87.405685 81.28645 124.78569 130.90492 पर
402.1625 422.41086 419.76828 399.51993 297.25507 302.02502 313.24274 308.47278 रह
391.9854 415.3391 412.4184 389.0647 312.0519 317.7059 329.7698 324.1158 इस
13.356499 136.4551 126.59806 3.499465 121.23274 139.92537 204.838 186.14537 पर
