194.94333 229.18597 229.25565 195.013 6.8707995 6.752943 26.99908 27.116938 यह
36.554657 104.38991 104.49481 36.65956 14.794988 14.648369 63.184414 63.33103 गया
350.63242 443.07632 410.243 317.7991 87.59497 124.53232 206.70496 169.76761 उसे
418.87628 459.16797 509.06073 468.76904 11.143311 -13.34407 68.7498 93.23718 और
250.92355 326.44055 312.00064 236.48366 250.12064 259.6005 374.62906 365.1492 गए
354.32864 441.04355 411.57193 324.85703 240.79205 257.5592 409.9781 393.21094 घूम
126.51949 168.62936 168.6966 126.58672 17.368254 17.281025 49.73951 49.82674 वक्त
501.45654 567.3231 551.4818 485.61526 186.33736 212.63756 252.31065 226.01045 अपने
478.2 531.5617 514.6274 461.2657 232.62732 254.01233 296.2683 274.8833 लिए
326.48138 411.9359 412.07764 326.6231 9.473161 9.172699 49.472313 49.772774 आप
228.80692 256.14017 256.21057 228.87732 12.152942 12.046194 30.077084 30.183832 पर
3.2317429 52.13233 52.194294 3.293705 67.37538 67.259735 93.45914 93.57478 मगर
132.02419 158.09781 149.26534 123.19171 114.229095 124.659454 146.73874 136.30838 वह
