545.82544 579.775 565.6726 531.723 4.848274 33.25583 50.10943 21.701874 उधर
196.07022 231.58194 231.68903 196.1773 8.999849 8.844696 33.355644 33.510796 इस
434.3689 470.82483 516.083 479.62708 34.692116 12.559196 87.10563 109.23855 और
386.04855 420.4631 402.62918 368.21463 313.30392 321.05545 400.23306 392.48154 गैप
357.12354 396.22424 384.17255 345.07184 65.28667 80.82683 111.15015 95.609985 इन
331.50964 377.66132 366.97485 320.82318 124.07411 142.49147 169.27043 150.85307 सब
23.714447 82.601234 82.67064 23.783852 55.38247 55.258354 88.1887 88.31281 बाहर
228.70894 257.41486 257.45276 228.74684 11.093043 11.007551 23.73248 23.817972 गया
113.776886 146.73755 136.40805 103.44738 98.32814 111.506424 137.3419 124.16362 रह
103.335045 158.6839 158.7702 103.42135 35.086838 34.963257 73.62366 73.74724 उसके
