542.5859 580.8444 556.8934 518.6348 8.300163 40.10527 68.916084 37.110977 रहा
9.243614 125.828804 125.99862 9.413429 10.724674 10.456123 84.17749 84.446045 अपने
492.14514 548.0791 535.41003 479.4761 204.99536 227.34784 259.05032 236.69785 करीब
470.30548 508.52985 497.63818 459.41382 249.81198 265.13333 292.3063 276.98495 एक
415.30957 463.1408 525.60645 477.7752 13.153106 -16.03897 86.31097 115.503044 कोइ
188.51393 226.60173 226.68175 188.59395 7.9400053 7.797142 29.130844 29.273708 सब
372.117 457.78497 427.59857 341.9306 106.77698 141.01309 216.5476 182.3115 उसे
226.86327 257.96704 258.04163 226.93785 11.0951185 10.973646 30.069935 30.191408 रहा
310.79337 361.28964 350.31625 299.81998 52.736702 72.80933 100.41485 80.34222 घाट
291.7562 357.52682 342.7405 276.96988 97.18021 123.42816 160.47885 134.2309 जाओ
