191.95204 249.04506 249.17082 192.0778 4.7417145 4.492264 33.27926 33.52871 वाहन
4.553734 77.87776 77.98905 4.665024 27.145178 26.980171 76.43235 76.59736 यह
437.8767 462.60175 493.93054 469.2055 32.697495 17.749664 69.5702 84.51803 कोई
423.74377 522.3395 500.34473 401.74902 142.41992 181.80096 236.8677 197.48666 उन्नत
537.35956 558.9119 545.8608 524.3084 7.605873 25.605503 41.23277 23.233139 कर
566.5093 587.0513 573.08984 552.54785 32.110573 49.257736 65.98317 48.836006 रहा
81.80673 142.1577 142.23872 81.88776 41.87107 41.73472 77.59951 77.73586 जान
310.52478 365.2782 349.6308 294.87738 51.075813 72.85717 112.19123 90.409874 करने
381.82257 440.58124 424.90442 366.14575 79.35298 102.72763 142.13568 118.76103 लगते
286.96783 322.94678 310.26154 274.2826 107.22768 121.59155 153.36583 139.00195 इस
339.86514 384.12308 373.439 329.18106 128.296 145.9586 172.73015 155.06755 बात
175.81296 204.52106 194.66507 165.95697 351.13196 376.55664 387.6855 362.2608 यह
158.89217 187.02498 187.07762 158.94481 44.40203 44.340218 68.293015 68.35483 पर
