203.21939 258.40604 258.46603 203.27939 5.8029995 5.6301136 24.785753 24.95864 जरूर
549.91425 601.3426 580.25116 528.8228 4.1675644 47.092457 72.36209 29.437199 सभा
269.89307 333.0829 302.7251 239.5353 50.25653 76.28259 149.9895 123.96344 की
364.148 477.34662 456.85248 343.65387 114.18973 159.37872 210.71664 165.52765 तरफ
252.70721 339.56946 318.73535 231.8731 226.43893 237.27512 404.28 393.44382 प्रकार
505.59674 553.71 537.7968 489.68353 176.59134 195.7894 235.67032 216.47226 इन
474.13974 522.8444 508.9377 460.23303 240.90894 260.42902 295.12756 275.60748 सब
346.23236 372.93542 363.6692 336.96613 235.68411 240.68698 290.14566 285.1428 पर
319.73758 398.0491 398.19968 319.88815 323.04846 322.82697 376.0755 376.297 मुकदमा
194.94403 244.67838 231.08746 181.35312 78.298325 98.117546 132.22258 112.40336 कहा
