210.20744 250.90828 251.00587 210.30504 11.113858 10.936035 33.27125 33.449074 सब
336.2089 421.48746 389.3912 304.11264 60.514206 94.53874 174.98433 140.9598 और
12.746258 78.36304 87.44241 21.825634 17.579006 10.399162 93.37576 100.55561 एक
553.258 595.4351 575.4212 533.2441 13.170128 48.338223 72.34098 37.172886 मन
190.22894 212.8425 212.89667 190.28311 16.466885 16.37857 30.246243 30.334557 कुछ
400.4641 488.7594 472.4165 384.12122 142.21013 177.46086 218.39613 183.1454 समय
92.20467 128.06848 132.95697 97.09315 18.79932 15.486725 68.41193 71.72452 चढ़
435.51422 461.19592 488.54248 462.86078 22.921646 7.444397 52.821167 68.298416 उस
526.3022 545.20404 533.22504 514.3232 13.083374 28.820404 43.208527 27.471497 घर
272.61826 321.06918 310.14743 261.6965 302.9783 310.01035 385.26144 378.2294 इस
329.2618 438.87015 439.2159 329.60757 278.738 278.31436 367.76437 368.18802 विषय
575.3215 598.7548 587.5607 564.1274 4.9385223 24.695982 37.972794 18.215334 खाल
