204.97969 257.1164 257.22437 205.08769 4.739122 4.5274487 31.130033 31.341707 पहले
353.22214 493.93484 459.48184 318.76913 83.928986 140.15286 226.37912 170.15524 बाग
428.49915 462.49213 506.20044 472.20746 34.76426 14.017868 85.63395 106.38034 बैठ
544.215 576.9383 553.6534 520.9301 7.613373 27.079231 66.2226 46.756744 करे
34.463516 86.18933 92.617966 40.89215 32.51615 26.964638 86.86302 92.414536 पर
492.8786 548.9738 532.05646 475.96124 173.02293 195.41206 237.7979 215.40877 लड़
239.96939 337.97098 314.43423 216.43265 55.781174 94.903465 153.86314 114.74085 नर्सरी
286.8448 368.56268 369.4275 287.7096 225.88515 224.69077 283.85834 285.05273 कमर
273.02872 377.4778 377.65433 273.20523 307.06155 306.8068 379.18155 379.4363 बांधकर
91.06504 128.92233 128.99469 91.1374 48.56215 48.475937 80.24953 80.33574 गले
