9.55851 144.2139 144.38953 9.734154 6.5919538 6.2829666 82.82947 83.13846 बचपन
172.55562 198.45055 191.16939 165.27446 346.90503 369.8714 378.08105 355.1147 कहा
456.46082 479.39075 504.9843 482.05438 34.420578 20.775635 63.784843 77.42979 पर
402.51746 458.70367 438.29242 382.1062 137.95367 160.39474 211.4989 189.05783 और
480.62933 545.6718 531.9279 466.88544 188.5081 214.48637 248.89738 222.91911 अन्य
545.845 584.28455 559.3087 520.86914 6.9263077 38.897816 68.92645 36.954945 कुछ
142.85603 181.2603 184.63933 146.23506 26.880074 24.033257 69.617096 72.46391 बढ़
108.67401 153.77371 151.3356 106.23589 314.6627 316.10355 392.4197 390.97885 बस
326.4123 419.5135 398.29913 305.19794 71.968155 109.07604 162.30145 125.193565 उसके
259.85724 298.53775 285.8131 247.1326 87.80028 103.2345 135.12439 119.69017 इस
