171.79303 198.21967 192.2403 165.81366 344.8835 368.35532 375.08743 351.61563 साथ
391.06097 423.72662 415.05914 382.3935 148.70154 161.73303 183.45941 170.42792 इतनी
381.1553 396.44986 387.02 371.72543 173.12195 180.15176 200.668 193.63818 देर
204.97968 251.79745 251.923 205.10522 4.739119 4.534569 33.267235 33.471786 एक
429.62616 510.76385 511.1449 430.0072 22.970284 22.300117 68.43299 69.10316 जिस
10.972935 85.32692 95.131744 20.777752 10.72155 2.7859573 94.654076 102.58967 कर
498.48236 562.9916 544.075 479.56577 179.74219 205.50613 252.87064 227.10669 मिल
563.85004 598.17487 577.0179 542.69305 5.5965614 34.318066 59.602627 30.881123 वह
109.34194 154.77518 154.85324 109.420006 9.168735 9.075436 47.091732 47.18503 मर
195.76096 238.51205 228.48462 185.73352 93.336075 110.38825 135.52782 118.47564 इस
