443.71277 472.60834 516.9618 488.06622 32.629684 15.252304 89.00444 106.38182 बहू
31.203451 89.987206 90.08507 31.301313 27.094095 26.96389 71.14401 71.274216 करने
313.25723 417.0732 382.4194 278.60342 49.81398 91.24982 178.07364 136.6378 लिए
217.32635 257.9545 258.04163 217.41348 7.9209332 7.7622643 30.069935 30.228603 एक
172.5556 203.83762 193.935 162.65298 346.90503 374.64923 385.81458 358.07037 उठ
141.1199 176.01718 176.08755 141.19028 36.362698 36.28602 68.317154 68.39384 यह
400.9285 494.82584 468.19455 374.2972 122.77121 160.28247 226.94537 189.43411 घर
90.91977 131.32002 131.38766 90.98741 39.15995 39.070824 69.734566 69.82369 आए
477.11786 542.6361 529.1049 463.58664 223.13922 249.3653 283.16913 256.94305 आदमी
21.280823 68.48729 68.88997 21.683502 341.77484 341.4182 394.7204 395.07703 तरह
89.08566 157.07956 155.7201 87.72619 317.1017 318.3469 392.5809 391.33572 कायदे
