386.66528 509.68182 478.95276 355.93622 112.47319 161.63966 238.52501 189.35854 पहर
32.582962 122.56937 122.67827 32.691864 17.542261 17.345352 67.11401 67.31092 आपको
205.56648 250.90822 251.00587 205.66414 11.119078 10.920975 33.27124 33.469345 पहर
411.69876 488.16745 488.2994 411.83072 11.173427 10.852539 42.293587 42.614475 ऊपर
480.7671 556.678 537.45605 461.54517 196.55032 226.91455 274.96957 244.60535 कब
117.78617 160.23334 160.27002 117.82285 37.21865 37.12934 54.56179 54.6511 लगभग
167.34222 186.90167 188.84134 169.28189 37.12021 35.702957 62.472313 63.889565 हुए
172.7052 205.70273 193.80579 160.80826 344.3477 373.6981 387.0734 357.723 हम
263.76956 329.0297 316.80124 251.5411 89.33554 115.3731 146.02232 119.984764 उसकी
2.616188 34.446533 39.273155 7.44281 56.759666 52.733498 90.89216 94.91833 यह
547.45685 595.4405 571.39886 523.4152 4.160057 44.12966 72.991745 33.02214 गया
