422.5034 512.93604 513.2953 422.86264 19.072403 18.447632 70.443954 71.068726 सब
530.2621 573.00745 552.03174 509.2864 4.107689 39.642776 64.87452 29.33943 दशा
47.8136 109.48494 117.45651 55.78517 7.9022646 1.8369751 82.89126 88.95655 यह
265.95078 345.37946 326.5073 247.0786 79.99243 111.70102 158.97502 127.26643 बस
382.66107 498.82098 468.9005 352.7406 94.497925 140.8699 215.81952 169.44754 उसने
199.35196 243.85397 243.89249 199.39047 14.319962 14.173672 25.890022 26.036312 भगवान
114.85897 176.89056 176.96786 114.93627 21.487839 21.355984 57.720535 57.85239 अलग
490.85065 535.72656 524.04565 479.16974 200.04335 217.96864 247.21169 229.28639 पर
466.7965 518.69977 507.3277 455.42444 251.27988 272.08957 300.45358 279.6439 अब
286.74847 397.10156 371.37885 261.02576 215.61346 231.73425 407.8164 391.69562 बहार
172.7052 206.486 194.58905 160.80826 344.3477 374.39468 387.77 357.723 पर
