34.797386 71.12375 75.92974 39.60338 40.080807 35.978508 78.53615 82.63845 और
88.22579 129.2268 129.31104 88.31002 41.319977 41.22711 78.41525 78.50812 फिर
319.937 438.5174 409.05005 290.46967 61.65999 108.9713 182.82784 135.51653 कर
429.577 467.2593 507.89944 470.21713 11.098405 -11.587128 55.919144 78.604675 बाद
45.166885 86.80556 86.85658 45.21791 8.733383 8.651428 34.57863 34.660583 कास
94.14314 118.9814 121.669266 96.83101 8.645561 6.280594 34.510124 36.87509 वन
186.35367 226.76941 226.87772 186.46198 4.742829 4.578743 31.253242 31.417328 वह
498.68976 546.41266 537.12335 489.40045 169.64635 188.66084 211.97536 192.96086 समा
478.33395 523.05316 510.94754 466.22833 209.54755 227.42776 257.70456 239.82434 गयी
418.9811 481.19815 461.84012 399.62308 151.09503 175.95026 224.40686 199.55164 करो
