68.61588 107.29267 107.349754 68.672966 31.094597 31.012383 57.868515 57.95073 कहा
180.26506 193.98479 192.15279 178.43306 349.7338 350.59268 379.8558 378.99692 पैर
423.6782 464.67264 516.6089 475.6144 17.082872 -7.8054123 77.74074 102.62902 तेल
268.43393 345.55017 317.8107 240.69446 52.886917 83.66783 153.16429 122.38338 और
377.119 485.6749 458.88846 350.33255 99.036575 142.36662 209.47542 166.14537 कहते
187.38507 248.6904 248.77844 187.47311 5.808594 5.5786476 29.04797 29.277916 आज
3.1381073 71.26134 71.38527 3.2620392 23.062315 22.908401 77.75958 77.9135 घाव
229.62042 319.95105 307.65253 217.3219 289.46545 299.7915 407.377 397.05096 कहा
358.74292 450.6573 427.00098 335.0866 279.618 298.1367 415.55057 397.0319 बहन
490.9132 551.8781 534.574 473.60907 188.71646 213.07588 256.38327 232.02385 इतने
332.8207 402.39304 402.5206 332.94827 9.450872 9.206253 45.479218 45.72384 रात
106.61023 155.05713 136.96906 88.52216 96.898605 116.27031 161.50697 142.13527 तुम
