336.0196 412.92834 394.39966 317.4909 91.30415 121.972855 168.43782 137.76912 आयी
432.6247 489.39563 469.79883 413.0279 128.20364 150.84415 199.98306 177.34256 और
208.79062 249.8783 249.99036 208.90268 5.8010325 5.6278687 32.217514 32.39068 इस
10.042406 70.60345 70.68369 10.122652 37.432663 37.297653 73.29405 73.42906 सरल
83.28339 125.04768 129.91484 88.15054 23.7285 19.821259 71.846 75.75324 और
172.70522 205.93361 194.6902 161.4618 344.34772 373.90338 386.54395 356.98828 पर
410.47827 445.79877 485.5854 450.2649 9.177826 -12.424103 52.62948 74.23141 यह
479.65338 546.4336 530.99225 464.21207 235.8211 262.58078 301.11542 274.35574 बदन
273.9377 332.83597 321.43588 262.53763 55.482735 78.92266 107.56809 84.12817 पहला
257.55875 300.99292 289.83932 246.40515 98.18153 115.51984 143.46066 126.12236 शब्द
135.74338 181.27585 181.35861 135.82614 33.671253 33.570396 70.94185 71.0427 पर
