432.0304 514.5554 515.1715 432.64648 36.67375 35.604187 83.139984 84.20955 गए
448.13525 533.5773 510.03143 424.5894 149.12311 183.25342 242.19833 208.06802 दस
58.898453 131.82816 139.22198 66.29228 6.5042095 -0.101127625 81.53438 88.13972 वह
174.90593 200.95448 192.4081 166.35954 351.66595 374.7019 384.36597 361.33002 बीच
563.86896 597.94183 577.8278 543.75494 9.750153 38.246536 62.296677 33.800293 रहा
276.1605 360.37183 332.6613 248.44994 59.278885 92.89862 162.30855 128.68881 फर्श
387.6876 446.43442 427.52188 368.77505 129.3536 152.8071 200.17969 176.7262 पर
191.95206 252.71411 252.83987 192.07782 4.741713 4.476242 33.26323 33.5287 आज
30.181921 52.35711 52.389084 30.213896 52.70015 52.651634 67.26782 67.31634 पर
513.22217 546.9928 525.29553 491.52487 239.78705 256.96277 299.6236 282.44788 नई
137.70654 176.10333 179.2688 140.87201 26.88995 23.97483 65.668945 68.58407 और
