7.3867416 107.71768 107.885765 7.554825 16.219362 15.985611 88.12996 88.36371 देवनंदन
453.0088 483.54413 520.43787 489.90253 30.577795 12.387894 74.32124 92.51115 कुछ
295.32477 342.51068 330.12152 282.9356 72.16824 90.95998 122.069 103.27727 होकर
282.2402 315.19443 303.02017 270.06595 106.2395 119.395325 149.89084 136.73502 और
220.10193 253.37506 253.46216 220.18903 7.919094 7.7891483 30.087822 30.217768 वह
538.5278 582.49835 562.5429 518.5723 11.052017 47.62384 71.616425 35.0446 कहा
76.505936 121.78786 121.87218 76.590256 9.227736 9.13393 49.83651 49.930317 यह
317.56143 341.35428 375.26767 351.47482 9.50453 -6.2299004 45.052246 60.78668 घर
409.06332 452.59683 438.29886 394.76535 146.59036 163.96515 199.78949 182.4147 और
465.3242 516.1998 503.42722 452.55154 173.47527 193.78041 225.78304 205.47789 अभी
358.54254 406.35052 396.44513 348.63715 81.172646 100.18421 125.09304 106.081474 बात
340.9306 387.46588 374.2083 327.67303 120.36467 138.93513 172.15703 153.58656 यदि
188.41621 218.74397 218.79478 188.46703 6.874113 6.7837925 23.847616 23.937937 वह
