12.703247 58.05246 58.1177 12.768486 5.482483 5.3921547 38.146767 38.237095 लोग
69.27264 129.2374 129.28653 69.32177 16.379196 16.258667 40.69909 40.81962 बराबर
17.76984 66.83066 66.90552 17.8447 43.883095 43.772507 76.9824 77.09299 करते
276.5384 346.73712 326.07184 255.87311 52.204193 80.18114 132.03372 104.05678 गयी
191.95206 236.08328 236.2001 192.06888 4.741714 4.5557175 32.275627 32.461624 पर
131.68684 170.12724 170.1884 131.748 17.358675 17.279736 47.06024 47.13918 कर
418.9828 460.72076 507.7163 465.97833 25.035069 -0.5185852 76.241425 101.795074 कुछ
399.0048 448.70596 439.47958 389.7784 140.2032 160.01839 183.16032 163.34514 कट
80.60925 140.70947 139.5312 79.430984 295.30255 296.036 392.58435 391.8509 पर
559.7459 598.10736 572.9937 534.63226 4.1974716 36.216076 66.30472 34.286114 यह
172.70522 205.93361 194.6902 161.4618 344.34772 373.90338 386.54395 356.98828 यह
68.04732 119.28131 119.34398 68.109985 48.60964 48.49434 76.33928 76.454575 चला
330.36377 409.5598 409.72852 330.53247 11.514737 11.182404 51.3794 51.71173 बात
506.78156 550.88367 540.0639 495.96182 174.97409 192.5531 219.69751 202.1185 राम
478.80655 522.0694 511.56723 468.30438 231.44373 248.76004 274.99844 257.68213 राम
216.93417 330.35782 330.47488 217.05124 321.9608 321.74594 383.55167 383.7665 प्रकाशन
359.55914 409.669 390.2431 340.13324 285.07944 295.24112 391.03537 380.8737 और
