443.9522 486.0586 472.09003 429.98364 132.43944 149.21425 184.27678 167.50197 दिन
420.83893 460.63727 451.04028 411.24194 183.0855 198.9875 223.00612 207.10411 तक
210.64572 255.19916 255.29465 210.74121 5.8003764 5.626377 30.080666 30.254665 उस
33.00837 69.31305 74.14669 37.84201 41.431168 37.306427 79.8506 83.97534 घोष
85.75605 122.17214 126.15632 89.74023 41.324944 37.859932 79.73235 83.197365 और
416.50455 466.82608 522.4568 472.13522 13.147279 -17.532394 73.71437 104.39404 केवल
552.4038 588.7705 565.7395 529.3728 8.330841 38.638924 66.27393 35.96585 पर
101.28725 143.51135 143.56787 101.343765 6.4288344 6.345581 35.00751 35.090763 कहा
338.595 428.9022 406.23752 315.93033 85.92114 121.94537 178.7623 142.73807 घटना
50.244698 93.90658 99.01345 55.35157 6.5196023 1.9903679 51.22072 55.749954 आये
