201.36028 254.28288 254.37852 201.45592 5.803656 5.5969715 30.084242 30.290926 आज
24.981941 108.29104 108.46133 25.15223 12.070875 11.878235 85.52268 85.715324 आने
417.74655 468.76602 528.81714 477.7977 19.105272 -12.065361 86.22514 117.395775 आगे
344.8905 394.09106 378.45465 329.2541 68.08675 87.66319 126.96141 107.384964 यदि
406.66675 455.00507 444.0783 395.74 106.37735 125.61072 153.07245 133.83908 एक
319.97552 365.35358 349.66815 304.2901 125.40445 143.53629 182.79184 164.66 दफे
426.02576 465.74194 451.0683 411.3521 174.79277 190.66628 227.38033 211.50682 पर
102.569244 174.07092 174.1914 102.68973 10.556116 10.400291 65.68001 65.83583 तक
565.55426 600.1247 585.0865 550.51605 21.473732 50.386265 68.367325 39.454792 एकता
498.0055 560.36 547.04004 484.68558 181.98138 206.86328 240.24326 215.36136 लेकर
476.13135 533.60706 520.6109 463.13516 228.89484 251.90811 284.3661 261.3528 आयी
