269.62433 377.31677 354.2032 246.51073 61.51573 104.48691 162.41322 119.44205 गया
412.3929 497.5286 472.31363 387.17795 118.26878 152.2519 215.42128 181.43816 वह
427.27405 469.77643 516.49146 473.98907 24.96101 -0.8699112 75.99536 101.82629 उन
186.84216 226.60971 226.68176 186.91422 10.073729 9.924568 29.130846 29.280006 अब
554.8296 599.9448 577.83276 532.7175 4.1825027 41.857124 68.33624 30.661621 सफेद
6.094822 94.68379 94.86313 6.2741585 6.598111 6.394043 84.24921 84.45328 रूप
382.91464 404.0806 397.2139 376.04794 242.23306 246.73141 279.04117 274.54282 जल
370.83246 387.84393 379.81366 362.8022 301.0848 304.70523 342.43753 338.8171 भुन
358.98337 375.36325 369.79807 353.41818 354.83643 358.31763 384.50317 381.02197 कर
466.67712 556.7393 539.5541 449.49188 195.37274 231.39421 274.3614 238.33992 प्रियतम
88.31365 161.47208 161.60498 88.446556 6.451905 6.291809 67.028824 67.18892 होकर
