364.78546 419.4262 402.21454 347.5738 73.82109 95.5654 138.81616 117.07185 और
336.03952 404.2866 388.09647 319.8494 133.55594 160.83102 201.34164 174.06656 फौज
4.996416 50.402733 50.46836 5.0620403 7.70316 7.6120567 40.318817 40.40992 उस
14.070923 81.87263 81.94806 14.146355 68.14469 67.98162 99.34322 99.506294 समय
227.29663 257.21408 257.25653 227.33908 5.7944922 5.714636 21.620325 21.700182 कह
271.8474 307.48767 298.852 263.21173 102.996735 117.21652 138.8609 124.64111 गरीब
45.677887 138.8018 138.89209 45.768173 22.436481 22.234695 63.904644 64.10643 अहमियत
148.3594 165.45901 168.98404 151.88443 19.51434 18.155533 62.51517 63.873978 है
564.7354 596.2834 580.2502 548.7022 20.783745 47.15519 66.3356 39.964157 तरह
187.38507 221.04724 221.13528 187.47311 5.808594 5.682331 29.151653 29.277916 पर
172.70518 204.04066 194.10686 162.77138 344.34775 372.21976 383.38797 355.51596 अपने
472.9311 529.231 512.2419 455.94196 222.92566 245.47778 287.89014 265.338 बढ़
220.64555 239.93922 239.981 220.68733 23.842102 23.757805 33.319416 33.403713 गया
