547.5316 583.06177 560.11755 524.5874 12.461609 42.013325 69.59929 40.047573 यह
23.253769 99.07998 99.22864 23.402428 12.074008 11.902687 77.69668 77.868 हुआ
215.47478 249.88737 249.99037 215.57777 7.922157 7.77713 32.21751 32.362537 कोई
337.75223 370.34933 360.4924 327.8953 82.37154 95.34187 120.114334 107.144 यह
319.60538 395.9346 387.28867 310.95944 124.370834 154.82918 176.49608 146.03773 समाचार
406.10474 470.167 456.44885 392.3866 158.81749 184.40428 218.75066 193.16386 सुनकर
439.05795 518.74817 519.42786 439.73764 44.350334 43.104958 86.59907 87.844444 पास
479.28632 547.97565 529.3652 460.67584 209.28482 236.78014 283.27322 255.77791 यह
316.2828 391.61203 391.74026 316.41104 9.50902 9.2441635 45.711998 45.976852 रुप
94.21204 139.92801 139.99286 94.27689 21.526653 21.431133 52.47069 52.56621 बात
186.8422 212.63565 212.70087 186.90741 10.073729 9.980968 28.119638 28.212399 वह
388.93137 500.69815 484.0964 372.32962 101.37067 145.89328 187.56921 143.0466 खुलकर
