5.7049294 78.97946 78.991196 5.7166634 56.138157 56.122902 112.47096 112.48621 और
402.89072 436.2772 445.48965 412.10318 113.53995 95.05887 111.70137 130.18245 पर
98.47588 131.96979 144.82935 111.33544 437.0789 427.79068 474.16318 483.4514 वह
561.5634 595.9838 600.434 566.0136 130.27977 119.46875 133.63728 144.4483 पर
14.820974 71.24902 71.26795 14.839903 17.662748 17.630657 50.91861 50.950703 एक
103.711075 169.51451 169.54085 103.73741 5.1029716 5.0659523 51.904907 51.941925 ऐसी
540.8813 589.15924 604.95734 556.6794 470.02686 373.12732 380.99835 477.8979 वह
144.81976 173.92508 173.88705 144.78174 461.34875 461.4065 480.5689 480.51117 सके
188.61913 236.69017 236.70662 188.63557 19.610895 19.574768 41.444016 41.480145 सच
556.1533 597.66125 598.55225 557.0443 38.6808 36.580643 54.190117 56.290276 यह
