84.915504 115.79673 114.51861 83.63738 187.88362 190.5714 205.25642 202.56865 कर
11.719046 54.575348 54.589577 11.733274 28.684855 28.661419 54.677658 54.70109 रही
64.25308 123.78372 123.79466 64.26402 33.843136 33.81023 53.597782 53.630688 अगर
10.462275 53.326332 53.333313 10.469252 65.74374 65.72779 84.49354 84.50948 कर
97.797806 155.22978 155.17265 97.74068 446.9834 447.073 483.6869 483.5973 रख
554.9706 597.30994 598.1533 555.81396 41.550873 39.405075 56.046295 58.192093 मल
539.17444 591.5625 606.5001 554.11206 461.57416 357.5603 365.08386 469.09772 यह
66.3372 147.89847 147.9111 66.34983 55.087906 55.06494 99.914795 99.93776 साथ
563.8874 593.0806 593.8902 564.69696 6.813267 5.3638954 21.670517 23.119888 और
134.04883 186.26645 186.28146 134.06384 20.275995 20.244583 45.22599 45.2574 रात
211.74619 294.37097 294.38968 211.7649 20.217897 20.156109 45.16095 45.222736 सटक
577.1882 596.3869 600.19244 580.9937 325.00104 319.95978 334.45258 339.49384 गई
