85.90964 147.53131 147.55403 85.93236 6.9927306 6.9553604 44.415955 44.453323 एस
179.35611 246.23541 246.25821 179.3789 6.9290843 6.8833313 40.187614 40.233368 आर
269.99142 302.4174 302.53604 270.11008 6.8542447 6.75185 44.321964 44.42436 ए
103.65436 159.14838 159.08423 103.5902 444.8286 444.92297 482.64288 482.54852 बहुत
82.40549 123.85237 122.25499 80.808105 188.89914 192.50781 210.85431 207.24564 करने
544.94226 579.10144 591.3391 557.17993 420.8055 354.89615 361.23862 427.14798 और
551.42175 585.60596 598.01404 563.82983 443.16238 375.31253 381.564 449.41385 और
557.38257 592.49426 604.3191 569.2074 469.21973 397.50317 403.29248 475.00903 फिर
387.87518 435.17432 434.64117 387.34204 375.1129 376.45374 395.261 393.92017 फिर
66.632935 103.21257 101.511444 64.93181 168.98587 172.15372 191.79684 188.629 पर
17.222475 54.832108 54.84436 17.234728 22.438072 22.41476 42.18197 42.20528 उन
17.065443 47.4084 47.41565 17.072691 65.740555 65.72945 85.53906 85.55017 पर
