529.50323 576.08154 540.9482 494.36987 25.43901 48.760025 118.93074 95.609726 आप
282.14505 320.48642 308.04 269.69864 133.22797 159.73502 177.73825 151.2312 धनी
-17.888329 88.296776 110.20992 4.0248184 111.71669 72.49277 131.81499 171.03891 पर
52.832565 262.5523 265.26093 55.541183 186.81734 184.54974 435.05548 437.32306 उसे
125.73451 144.24507 136.03331 117.52275 75.15012 88.28756 99.85787 86.720436 यह
289.68463 479.648 480.29517 290.3318 191.98238 191.0722 326.13892 327.04907 सावन
2.1065407 26.768658 26.96081 2.2986927 53.31578 53.053802 71.14242 71.404396 हम
304.38596 376.5104 376.6285 304.50406 330.93658 330.72577 371.11682 371.32764 उससे
388.546 439.7596 439.85025 388.63663 342.81757 342.67932 376.26337 376.4016 एक
300.81372 358.16736 358.17993 300.8263 389.71375 389.6974 433.8974 433.91376 लिए
