173.84756 231.6553 232.1614 174.35367 122.24592 120.79811 141.00574 142.45354 समय
252.2031 283.74313 284.2509 252.71085 120.283485 119.49356 139.76697 140.55688 पर
175.76443 216.11795 216.91168 176.55817 153.47054 152.53902 186.92427 187.85579 कई
178.40103 221.35907 221.98862 179.03058 196.41855 195.54276 226.4227 227.2985 दफे
242.14427 279.19885 279.6859 242.63133 204.11742 203.3828 227.95186 228.68648 वह
135.52441 178.02982 176.7674 134.262 237.51083 239.03537 274.23294 272.7084 पर
454.5628 566.5259 565.9482 453.98514 61.562744 63.062607 106.18469 104.68483 पागल
374.58832 424.91815 439.67633 389.3465 286.16034 274.3692 337.36383 349.15497 करते
76.52845 143.30832 144.43915 77.65928 170.12558 168.64456 219.63376 221.11478 वह
181.8874 203.26869 202.69746 181.31618 252.26721 253.03156 269.0108 268.24646 यह
210.41005 249.53941 249.00597 209.8766 253.27344 254.67139 269.60266 268.2047 मसला
5.591278 42.857933 42.925995 5.65934 7.329057 7.115263 18.9793 19.193094 पर
8.122019 60.708 60.867195 8.281214 28.783066 28.191135 42.333496 42.925426 हाथ
494.44574 575.4064 574.8663 493.9056 127.32779 128.94366 156.00629 154.39041 आपको
319.88904 366.80914 386.16437 339.24426 290.27496 277.77527 350.42914 362.92883 तट
351.96585 404.5392 422.72238 370.14902 157.1711 126.61659 157.9033 188.45781 बहुत
374.94025 444.81433 458.70734 388.83325 194.02237 153.35309 177.22275 217.89203 आएगा
391.84152 456.4501 472.70584 408.09726 223.0747 185.42715 213.32437 250.97192 अपनी
55.298424 111.516846 111.31809 55.099674 234.82397 235.1141 273.62616 273.33603 वह
149.3698 178.01622 177.25322 148.6068 279.57654 280.61908 301.58368 300.54114 कर
257.1774 301.45078 318.27463 274.00125 295.59656 282.1916 337.7566 351.16156 जरा
335.80377 382.3155 399.9568 353.44507 118.92226 91.92854 122.32556 149.31927 वह
