561.56415 593.9837 598.4401 566.02057 139.44344 129.23106 143.37813 153.5905 इस
555.25757 595.9169 596.8556 556.1963 35.90736 33.853603 52.437275 54.49103 पर
91.40982 151.4508 151.3828 91.341805 442.54562 442.6478 482.6298 482.52762 गए
21.205063 143.32668 143.3482 21.226593 8.721704 8.647339 44.00186 44.076225 सकता
177.0299 238.68741 238.70895 177.05145 8.594583 8.557037 43.9438 43.981346 यह
140.89929 174.37595 174.32126 140.8446 454.86057 454.95547 474.2468 474.1519 मगर
25.046429 63.730053 63.74007 25.056446 48.027134 48.009422 69.88786 69.90557 पद
24.89341 63.618813 63.623055 24.897652 93.055084 93.04759 114.982315 114.98981 पर
378.94516 441.66373 441.33273 378.61417 375.73837 377.42764 389.71555 388.02628 बनकर
562.64825 596.03766 597.1756 563.7862 8.81287 7.153219 30.046204 31.705854 दूर
77.26061 130.55994 130.57114 77.27181 46.541115 46.517235 71.52613 71.55001 वक़्त
77.19296 138.90057 138.90755 77.199936 77.588776 77.57352 105.7688 105.78406 उनकी
