413.54346 473.25317 473.1466 413.4369 11.794498 12.050629 36.899323 36.643192 किस
410.71307 463.85474 463.68158 410.53992 48.10898 48.564247 68.77971 68.32444 तरह
471.00537 508.17877 508.0293 470.8559 48.5166 48.8239 66.902626 66.59533 का
516.57495 559.1904 559.0277 516.41223 48.764038 49.122726 68.460464 68.101776 मत
206.34927 258.9458 259.77182 207.1753 120.928474 119.60951 152.54935 153.8683 पर
211.02762 288.07214 288.87054 211.82602 192.42252 190.83575 229.6016 231.18835 हाथ
339.7893 425.43274 453.34003 367.6966 137.64975 87.91455 135.97061 185.70581 संभव
471.235 572.3057 572.12305 471.0523 18.193665 18.79184 49.65484 49.056664 सागर
466.43317 526.3035 525.84845 465.9781 66.953766 67.7325 102.71983 101.9411 यह
116.96144 193.99968 195.37639 118.33815 138.96883 137.11357 194.28035 196.1356 और
87.338 125.28107 125.29416 87.35109 3.1132467 3.0555449 11.664535 11.722237 उसके
373.63113 430.09073 449.39737 392.93777 217.02948 184.10364 217.20969 250.13553 खूब
311.1841 339.15628 343.0859 315.11374 290.27408 285.77585 310.21213 314.71036 अगर
318.89316 340.2078 351.71207 330.39743 319.48517 313.3791 353.5373 359.64337 कोई
156.71838 199.25833 197.87854 155.3386 260.7443 262.2908 300.24435 298.69785 घर
541.5292 596.9396 596.46936 541.05896 107.91499 108.87244 136.08467 135.12723 रहा
436.95828 474.94455 491.7833 453.79703 200.94101 178.80365 207.69785 229.8352 धर्म
334.91653 399.82626 421.1165 356.20676 273.9903 258.03864 344.6718 360.62347 कर
