274.444 336.84274 336.0638 273.66507 216.4579 219.56334 235.21486 232.10942 सब
66.10301 183.22374 183.74855 66.62782 15.167228 14.515053 108.762054 109.41423 कर
17.09393 60.211178 58.63046 15.51321 280.01312 281.4453 329.03497 327.60278 कुछ
75.248955 128.7886 128.8404 75.30076 281.19647 281.1164 315.75586 315.83594 ऊपर
142.71915 185.19992 185.24579 142.76501 280.8973 280.8458 318.65018 318.7017 कह
309.41367 334.4177 332.77304 307.769 113.01245 115.606155 131.46127 128.86757 और
188.1763 225.68686 220.08856 182.578 252.60013 256.63937 308.62784 304.5886 और
29.296139 107.42081 107.63522 29.510555 85.92279 85.450226 120.8974 121.369965 निकल
64.85782 97.05716 94.62689 62.427555 226.52448 228.23468 273.99146 272.28125 और
109.354294 141.67883 138.65039 106.32585 230.25006 232.59299 274.37512 272.0322 सिर
153.40445 176.98135 174.17215 150.59525 241.2496 243.41891 273.95035 271.78104 पर
161.96085 209.08017 209.15884 162.03952 156.16182 156.03471 185.19197 185.31908 घर
