37.124146 199.87027 200.2876 37.541473 9.047944 8.246658 93.01067 93.81196 कहा
136.19212 208.83617 208.92317 136.27913 153.13623 152.94028 185.1926 185.38855 पास
115.01764 184.39154 176.31235 106.938446 224.75894 229.94522 338.0162 332.82993 उसे
415.48157 491.84888 491.328 414.9607 86.96985 87.83511 133.80734 132.94208 वह
59.321434 104.60256 104.878456 59.59733 219.17612 218.86038 258.42676 258.7425 एक
55.908783 100.040436 100.044525 55.912872 296.10706 296.10175 330.2033 330.20862 पल
7.669224 42.779575 42.09167 6.9813194 193.99438 194.99692 219.08832 218.08578 वह
406.14655 553.87115 551.9462 404.22162 87.04393 89.66997 197.95341 195.32738 करने
371.4361 448.55963 448.52563 371.4021 6.67778 6.7713776 34.768463 34.674866 सलाम
361.58884 421.36838 421.069 361.28946 56.250122 56.70172 96.330414 95.878815 करने
