428.8996 548.5006 547.8434 428.24237 33.544044 34.594795 109.40476 108.35401 रात
21.995014 126.32185 126.41008 22.08324 16.885624 16.574276 46.13509 46.446438 पहनकर
145.08879 187.54979 187.63756 145.17656 16.667 16.540276 45.952362 46.079086 घर
29.526913 105.57628 105.72966 29.680294 75.16876 74.76303 103.51164 103.91737 चमक
271.17328 329.14532 328.29907 270.32703 212.3547 214.85248 234.4932 231.99542 घर
451.54306 476.30453 476.33023 451.56876 287.65454 287.62427 308.65125 308.68152 य
495.74188 540.97235 541.0085 495.778 279.08298 279.02762 308.5721 308.62747 वर्ग
437.24536 579.2029 577.3568 435.3993 118.129105 120.89873 215.5197 212.75008 हम
107.08092 205.52592 205.96236 107.51735 51.63292 51.029587 122.24031 122.84364 रहा
307.9374 351.8519 351.42935 307.51486 238.12683 239.93347 250.20392 248.39728 जल
5.844372 40.01648 39.384968 5.212862 194.95085 195.92796 218.01326 217.03615 हम
417.55496 479.30905 479.37753 417.62344 257.30853 257.19073 293.09326 293.21106 इसी
416.17728 476.0186 476.02103 416.17972 312.0149 312.0083 333.985 333.99158 तरह
373.81897 445.21454 430.83533 359.43976 2.1737137 13.89666 101.46952 89.746574 तेज
46.981873 88.210236 88.42006 47.191696 106.57806 106.30083 137.5051 137.78233 कुछ
543.8959 587.772 587.7837 543.9076 303.47818 303.45114 322.4158 322.44284 उठा
