342.11508 403.4996 424.0175 362.63297 272.855 257.8925 342.0682 357.03073 एक
360.83792 406.14767 423.72018 378.41043 165.98495 139.61151 169.80124 196.17468 यह
385.20966 438.58624 453.05444 399.67786 213.06308 181.97308 206.81274 237.90274 सब
123.977516 210.12988 210.70862 124.55625 179.21347 177.35782 204.2269 206.08255 जवाब
137.06819 178.74034 177.43913 135.76698 239.71692 241.21417 277.43024 275.93298 पर
60.543297 117.89431 117.80152 60.45051 234.9425 235.09802 269.31885 269.16333 इस
273.09952 346.82236 356.12375 282.4009 297.7079 285.64288 342.47876 354.54376 गया
329.83218 392.8876 420.24252 357.1871 118.1747 81.58412 128.72409 165.31467 पर
263.97382 338.3891 339.42303 265.00775 174.91803 173.3092 221.13321 222.74203 और
197.2467 229.98325 229.06659 196.33005 242.92621 244.09634 269.74084 268.5707 और
427.72903 470.75485 482.7712 439.7454 229.8461 204.75449 225.35956 250.45117 जब
157.36609 226.79407 227.73068 158.3027 129.18893 127.478546 165.49826 167.20865 कम
555.9902 583.6413 584.75287 557.10175 196.55899 194.20535 207.2638 209.61743 यह
