63.366898 137.58911 132.31248 58.090263 224.90424 228.79578 329.43542 325.54388 और
413.39954 457.13452 457.20215 413.46716 254.19548 254.0918 282.61084 282.71454 नेक
161.69664 190.0551 190.11269 161.75423 164.26169 164.17944 184.02887 184.11111 हम
194.0755 232.45392 232.53174 194.15332 157.84152 157.72037 182.37576 182.49692 सभी
134.87943 189.27725 189.35873 134.9609 272.05228 271.8716 296.40714 296.5878 सम्मान
201.55067 230.29839 225.86626 197.11855 257.4267 260.6975 299.65228 296.38147 और
503.0141 571.0948 571.1131 503.0324 280.24915 280.2229 327.67847 327.7047 कुछ
7.329077 44.885826 45.000023 7.4432735 260.8564 260.7003 288.17313 288.32925 चरा
6.207308 52.739243 52.741707 6.209772 292.36188 292.3589 330.79034 330.79333 करते
431.34555 494.4291 494.4384 431.35483 285.70004 285.68735 331.89212 331.90482 वह
