450.50385 586.68225 584.9664 448.78793 71.923904 74.10565 181.20631 179.02457 क्लब
309.65216 347.53717 346.06573 308.18073 143.42659 147.16072 162.08952 158.3554 उसके
304.1584 335.15338 334.13867 303.14368 167.04828 169.97607 180.7185 177.79071 साथ
39.530663 119.35864 115.22292 35.39494 233.56168 236.93704 334.74698 331.3716 और
277.88785 335.09488 334.15085 276.94382 211.38986 213.82288 236.01996 233.58694 और
7.5502625 65.51249 65.670654 7.7084274 25.112175 24.891472 66.42893 66.649635 पर
103.08107 229.05971 229.22841 103.24977 24.910498 24.420464 67.7934 68.28344 आनन्द
370.45758 458.5149 458.3841 370.32678 21.25373 21.570114 57.981895 57.665512 आभूषण
363.8106 412.57434 412.2757 363.51196 60.582245 60.964645 99.05173 98.66933 और
310.04114 359.5204 357.23572 307.75647 119.477264 124.55597 146.81418 141.73547 रख
121.486755 175.4928 170.33972 116.33367 243.32599 247.54834 313.45905 309.2367 पर
37.71479 100.78724 100.96163 37.889183 70.939445 70.60345 103.34074 103.676735 लोग
14.7270565 57.747154 57.950653 14.930555 107.73739 107.448105 137.70999 137.99928 एक
