290.59763 346.66727 344.32394 288.2543 165.98424 171.27858 196.09575 190.8014 इधर
266.55762 331.409 330.38458 265.5332 207.50803 210.32022 233.94461 231.13242 और
455.50793 558.97095 532.38165 428.91867 17.511292 37.55777 174.78877 154.7423 घर
475.55286 522.5721 522.5999 475.5807 286.09662 286.04688 312.37848 312.42822 उस
544.16473 597.95013 597.9781 544.1927 285.93698 285.8801 312.2988 312.35568 रात
5.844616 42.797947 42.057827 5.104496 195.96066 197.01001 223.0734 222.02405 और
172.9619 223.63054 223.70949 173.04085 157.63704 157.47456 182.09789 182.26036 आज
312.2207 354.83093 354.34296 311.73273 242.15979 243.56998 258.31564 256.90546 इस
489.22382 542.36694 541.61163 488.46848 168.79039 169.799 209.597 208.5884 टिक
550.4913 592.2193 591.7155 549.9875 183.21289 184.00485 210.54791 209.75595 कर
485.96823 544.08716 544.08997 485.97104 314.25702 314.24847 333.13947 333.148 टकरा
559.7844 595.29724 595.30005 559.78723 314.20374 314.19855 333.13202 333.1372 कर
111.1387 150.48148 150.56064 111.217865 158.15556 158.00935 179.30983 179.45604 अभी
