289.81815 353.89432 351.23074 287.15457 162.65755 168.74324 196.78789 190.7022 अब
34.852924 112.75743 112.92688 35.022373 243.55608 243.32428 300.27032 300.50214 ब्रह्मदेव
409.21924 593.48267 593.1494 408.886 28.761963 29.89849 83.924164 82.787636 गणराज्य
392.4078 485.4349 484.14017 391.11307 117.791046 119.414734 193.59607 191.97238 और
4.931473 34.506516 33.985497 4.410454 193.91359 194.76509 212.8615 212.01 पर
413.61002 502.37357 502.42038 413.65683 270.99585 270.87988 306.7281 306.84406 आज
122.60693 182.81857 182.98364 122.772 247.756 247.48993 284.84576 285.11182 वर्तमान
119.40341 161.65027 161.6611 119.414246 301.65088 301.6328 326.95935 326.97742 समय
486.87012 594.7494 594.24194 486.36264 93.53836 94.79692 138.29604 137.03748 बातचीज
474.62347 559.8196 559.1823 473.98624 158.82083 160.32156 196.49481 194.99408 हनुमान
495.6981 578.96765 578.98047 495.7109 290.81696 290.7887 328.72565 328.7539 बाहर
