273.91815 336.0738 335.31476 273.15912 209.2142 212.49826 226.8641 223.58005 चल
4.0208244 41.788475 41.1869 3.419252 196.91632 197.99475 219.06247 217.98404 इस
395.60858 594.51465 592.21356 393.30746 63.40033 66.909454 197.34222 193.8331 पास
456.06696 495.46094 495.46405 456.07007 309.473 309.46793 333.5648 333.56985 वह
519.52026 573.33057 573.33777 519.52747 298.84085 298.82907 331.45657 331.46835 आने
307.44632 355.9587 355.37924 306.86685 231.01508 232.83578 248.27606 246.45535 धम
418.25528 440.0222 439.02628 417.25937 276.8256 277.59628 305.72513 304.95444 से
453.07178 507.01105 507.03888 453.0996 284.89 284.81506 304.8297 304.90466 अगर
519.00006 554.62775 554.6568 519.0291 284.75168 284.70706 307.9236 307.96823 वह
301.03494 355.467 352.5754 298.14334 157.23734 162.46698 192.564 187.33435 और
429.83533 514.60095 514.2577 429.49203 13.3685 13.832169 76.59216 76.128494 गोट
155.62259 223.16452 223.26004 155.71811 151.46997 151.2706 183.62726 183.82663 शाम
