9.487698 41.703724 41.137447 8.92142 204.12758 205.03984 225.03746 224.1252 पर
41.69015 107.85811 107.92607 41.758114 262.83658 262.75626 318.744 318.8243 कह
137.1013 189.65062 182.48717 129.93785 234.09024 238.53842 323.1655 318.71732 रहे
264.50986 335.4943 334.62863 263.6442 208.7171 212.46759 228.85172 225.10123 साथ
173.92964 224.5559 224.63484 174.00859 154.48972 154.36603 186.67596 186.79965 पर
316.09537 359.545 357.70938 314.25974 124.36679 128.79501 146.8064 142.37817 स्वर
47.129723 158.55795 159.05444 47.626213 37.657246 36.9877 119.615036 120.28458 गए
126.177284 180.85748 180.93991 126.25971 154.85558 154.70808 185.26811 185.4156 जब
48.381294 84.00465 84.0951 48.47175 15.197519 15.092091 45.65548 45.760906 दबे
59.87088 98.45613 96.09094 57.50569 207.93182 209.88226 256.67273 254.72229 फिर
18.157305 62.30217 62.524277 18.379412 103.781845 103.48674 136.71176 137.00687 वही
