3.0177002 134.37167 135.1153 3.761322 14.246718 13.405075 129.46162 130.30327 वक्त
401.1012 545.51996 543.6407 399.22192 58.611694 60.905853 179.2078 176.91364 जब
448.95578 545.8568 545.869 448.968 281.3669 281.343 330.8337 330.85764 प्रयोग
22.147575 84.903435 82.280525 19.524668 246.70334 248.8959 323.96817 321.7756 वह
109.57765 190.19643 190.2975 109.67873 248.18478 248.06424 315.6639 315.78445 पल
171.25192 222.93549 223.00613 171.32257 156.04298 155.92986 188.20396 188.3171 तब
123.75949 177.7898 183.86472 129.83441 5.8415756 0.9034958 67.37276 72.31084 रही
457.09814 523.98956 523.8185 456.92706 16.841736 17.101784 61.111282 60.851234 जिस
536.3609 579.4266 579.31244 536.24677 31.797966 31.965385 61.32702 61.1596 पर
532.81006 565.29065 565.3257 532.8451 277.53714 277.4833 298.6312 298.68503 किए
571.7741 595.674 595.6993 571.7994 282.74725 282.70654 297.524 297.5647 इस
47.169724 108.99271 109.38321 47.560226 198.84619 198.34488 246.50262 247.00394 रहती
6.7569046 39.953598 39.330315 6.1336203 202.03581 202.97588 224.98628 224.04622 यह
106.63895 172.01074 172.08728 106.715485 158.0449 157.85194 183.7783 183.97127 चहल
61.218124 102.99217 103.04152 61.26747 7.983987 7.8881226 29.390068 29.485931 कण
474.10602 566.6854 565.11346 472.53406 181.4432 183.58884 251.41516 249.26953 ऐसी
