49.703964 110.41698 104.99403 44.28102 200.43805 203.2331 321.0291 318.23407 हुई
498.6883 576.8078 556.3238 478.20428 -6.913025 9.268356 108.15976 91.97838 एक
157.45174 234.77531 234.8669 157.54332 151.38231 151.17372 185.1226 185.33119 उधर
45.273476 160.79163 161.13809 45.61994 35.630184 35.024117 101.06053 101.6666 साथ
445.7779 534.03827 534.0453 445.7849 287.72513 287.71146 332.93155 332.94522 बस
115.08423 188.52966 181.55164 108.1062 235.57834 241.0969 333.9656 328.44705 और
431.96326 579.7433 577.7763 429.99625 95.65457 98.38046 205.01959 202.2937 इसकी
4.935669 38.137722 37.515545 4.313492 202.98912 203.92805 225.92946 224.99052 वह
177.33894 212.87816 216.72127 181.18205 22.110374 19.148216 65.25686 68.21902 रहे
540.3262 593.7986 593.8032 540.3308 308.7292 308.71844 331.87213 331.88287 हाथ
406.49478 459.36734 459.26718 406.39462 7.8105087 7.9440994 47.587975 47.454384 वह
17.901228 71.99666 72.18679 18.09136 95.88731 95.54931 125.979195 126.31719 तक
