501.1113 594.12244 594.1459 501.13474 282.3392 282.2863 323.46384 323.51675 आएगी
147.07513 193.44144 193.5299 147.1636 154.75829 154.6096 182.19469 182.34337 पर
62.582157 152.94585 153.40353 63.039845 52.78338 52.21879 125.47175 126.03634 एक
52.918144 181.89044 181.91913 52.94683 228.39983 228.36285 328.42596 328.46295 जवाब
447.31137 501.8702 501.89798 447.33914 282.54605 282.5049 319.32425 319.3654 और
9.494694 41.825867 41.21994 8.888768 193.03761 193.9659 215.0696 214.14131 घर
427.11887 461.2228 461.27603 427.1721 256.28543 256.19504 276.27536 276.36575 एक
308.90652 357.27396 355.2831 306.91568 146.14769 150.89204 171.18788 166.44353 अब
107.19621 134.30574 134.37054 107.26102 159.78174 159.65326 173.32608 173.45456 अब
13.318756 52.309296 50.580738 11.5902 272.0309 273.2565 328.2491 327.02353 उसे
