126.27595 190.22757 190.30096 126.34934 10.968838 10.79813 38.290222 38.46093 अगर
129.62366 170.37457 170.50742 129.7565 51.560604 51.379807 81.3201 81.5009 वह
133.77164 176.82324 176.9733 133.92169 91.36698 91.11346 116.59261 116.84614 उस
447.04858 512.7866 512.4493 446.71127 34.126076 34.552498 86.55279 86.126366 एक
518.36035 595.11816 594.90015 518.14233 34.24128 34.649956 75.59143 75.182755 उच्च
436.15378 505.8232 505.3295 435.66006 102.57875 103.436295 143.54912 142.69157 स्तर
433.80997 478.03128 466.72928 422.50797 146.78554 155.40813 213.37099 204.7484 की
481.2011 552.2489 551.5229 480.47507 168.60762 169.94658 208.47447 207.13551 परत
7.666292 31.619205 31.194963 7.242049 209.0964 209.77472 224.75592 224.0776 पर
42.328636 109.84652 109.98292 42.465034 5.5374937 5.3276176 49.207787 49.417664 हार
52.553574 133.10378 133.35873 52.808533 87.99745 87.48711 127.729645 128.23999 गया
497.4336 592.2921 592.3296 497.47107 277.0913 276.98932 311.88324 311.98523 भारत
341.21155 424.3758 424.02075 340.8565 7.55513 7.997917 74.68163 74.238846 उन
159.69922 219.69006 219.7814 159.79056 151.46146 151.29962 185.1633 185.32513 सब
5.600683 54.170876 54.394646 5.8244534 92.978676 92.67134 128.03552 128.34286 रहने
434.639 482.08688 482.0955 434.6476 306.77505 306.75455 326.66672 326.68723 ऊब
