296.5136 330.99225 330.3103 295.83167 207.8067 209.45535 223.71686 222.0682 हुए
157.4689 204.02478 204.09918 157.5433 157.74348 157.6179 185.20561 185.33119 घर
20.395035 55.305412 55.37938 20.469002 55.54279 55.39985 73.46518 73.608116 साथ
23.357697 56.483147 56.61434 23.488892 78.18766 78.01226 102.78997 102.96537 चले
314.9859 364.0276 359.7699 310.7282 118.918365 123.96103 165.36838 160.32571 हुए
477.1328 593.95715 593.9763 477.15198 285.52097 285.46524 325.56723 325.62296 अगर
423.42908 579.31934 577.0244 421.13412 105.12842 108.27301 222.04144 218.89685 एकजुट
48.70864 74.79183 74.84016 48.756966 24.412348 24.339481 41.637535 41.7104 वह
421.27356 476.58075 476.59943 421.29224 288.9165 288.88757 324.5771 324.60602 और
410.1535 514.6557 514.1739 409.6717 17.588455 18.296577 89.40096 88.69284 कभी
306.3094 355.0291 354.4297 305.70996 230.96481 232.77975 248.87079 247.05585 पर
73.91066 208.1699 208.81297 74.55373 13.102698 12.295959 119.31603 120.12277 कर
309.54218 352.82275 350.1681 306.8875 164.53084 168.64146 196.59242 192.4818 हुए
509.16492 585.37134 584.7456 508.53918 70.39035 71.21098 129.31671 128.49608 भूल
