438.29828 548.82367 548.19464 437.66925 26.29316 27.201042 103.784325 102.87644 फिर
421.45996 529.41614 528.4569 420.50073 136.48822 138.36377 193.5769 191.70135 कहा
9.405979 116.26601 116.593155 9.733128 62.023693 61.394417 116.94818 117.57746 काम
1.7728767 73.89009 73.898865 1.7816429 286.2516 286.23694 329.3321 329.34674 यह
87.47908 171.14272 171.15157 87.48793 285.83276 285.81573 329.31226 329.32928 सब
414.91602 512.13885 512.1656 414.94275 280.64276 280.5794 321.62366 321.687 साथ
535.44257 597.48285 597.5003 535.46 281.45355 281.43024 327.87854 327.90186 हर
4.9338074 41.75035 41.178646 4.3621025 198.9604 200.01024 220.05952 219.00969 मन
539.37823 587.78485 587.54877 539.14215 75.729645 76.130035 104.67316 104.272766 जल
534.7035 567.33984 557.2666 524.63025 128.2508 135.77396 179.47302 171.94986 भुन
513.6669 552.3832 551.8889 513.1726 192.1658 192.93243 217.89157 217.12494 कर
119.767815 191.59369 191.70187 119.876 12.003774 11.785255 47.347095 47.565613 गया
132.16528 207.08609 207.29614 132.37534 88.41432 87.955185 122.23213 122.69127 आज
15.338564 66.0237 66.149796 15.464663 256.4457 256.2144 283.84616 284.07748 जरुरत
402.2029 448.6744 448.72665 402.25516 257.41846 257.2975 277.36285 277.48383 बाहर
376.44833 452.4985 436.79385 360.74368 10.157059 22.749199 117.59751 105.00537 तेज
41.843533 107.04553 107.19121 41.98921 8.011394 7.7995644 52.638443 52.850273 कुछ
129.2038 182.05768 182.29349 129.4396 227.09444 226.75253 263.20477 263.5467 तरफ
315.79922 348.0828 346.56064 314.27707 119.00197 122.32152 137.12465 133.8051 वह
308.12482 348.21136 346.74994 306.6634 148.22238 152.1398 167.09421 163.17679 एक
300.9894 342.39792 340.37808 298.96957 171.29893 175.17845 196.73756 192.85805 खर्च
