437.83704 533.0364 532.1363 436.93692 92.46538 93.78224 158.8526 157.53574 कह
414.45776 503.78375 503.79993 414.47394 295.20435 295.1535 323.51526 323.5661 लगन
528.4564 597.5543 597.57776 528.47986 282.31744 282.27814 323.4619 323.50122 और
173.50084 230.8202 230.89775 173.57838 152.888 152.76251 188.1867 188.3122 एक
75.26764 133.66245 129.18454 70.789734 230.2551 233.62503 311.2184 307.84848 यह
466.41302 523.60596 523.5311 466.33823 10.412727 10.538521 44.537956 44.412163 एक
457.49023 522.1221 521.9058 457.274 58.346535 58.790092 90.304054 89.8605 दफा
534.1937 583.7661 583.53394 533.96155 58.66787 59.01522 92.15266 91.805305 हम
425.4674 445.95013 445.99353 425.5108 265.5993 265.55243 284.5324 284.57928 न
465.46753 503.90344 503.94843 465.5125 265.45758 265.37146 285.45508 285.5412 कर
136.83475 179.27884 179.36124 136.91714 156.4506 156.2603 174.63725 174.82756 तक
3.648697 64.30325 62.3506 1.6960437 254.59177 256.22684 328.6628 327.02774 एक
130.04094 206.4352 206.57643 130.18217 247.48567 247.30197 306.0354 306.2191 रचना
