288.1059 353.8943 352.15472 286.36633 162.49493 168.74323 187.05927 180.81097 जाकर
29.758087 54.235634 52.69375 28.216202 284.76486 285.7172 325.34738 324.39505 जो
66.970795 108.26129 108.27844 66.987946 299.11096 299.0829 324.34064 324.3687 बसर
2.7763405 83.26045 83.55908 3.0749779 22.050026 21.677895 86.26768 86.63981 चले
117.87061 202.20483 202.45654 118.12232 43.133522 42.716255 93.58929 94.00655 आए
269.06818 331.37952 330.38464 268.0733 208.30005 211.0021 233.94464 231.24258 दिए
434.25385 580.27356 578.02277 432.00302 109.53784 112.50256 223.36374 220.39902 कोई
420.6728 484.1458 481.59332 418.1203 254.91669 257.17383 328.95148 326.69434 रहे
35.23408 92.620926 92.87726 35.490414 88.87195 88.50653 128.76236 129.12778 और
403.34598 465.4471 452.11008 390.00894 37.212242 48.18348 123.67597 112.704735 दिन
479.26355 535.9783 535.5575 478.8428 68.14122 68.66695 114.05394 113.52821 पर
537.6722 596.9482 596.9698 537.6938 288.67487 288.63568 321.35785 321.39703 करने
320.98016 365.08856 362.69574 318.58734 119.5347 124.07013 147.34122 142.80579 बनी
119.92789 184.48254 177.70432 113.149666 240.89578 245.8937 333.44357 328.44565 छाई
472.07227 538.1264 538.1465 472.09235 289.85535 289.8147 322.44635 322.487 विनय
