444.7806 597.2805 597.2905 444.79062 282.30948 282.27878 331.87143 331.90213 तहकीकात
269.93378 335.9973 335.08234 269.0188 207.03049 210.00552 230.3241 227.34906 पर
478.97028 559.50146 538.2299 457.69876 78.76802 95.39198 198.43709 181.81313 इसे
37.875896 119.354706 119.473236 37.994427 6.3682146 6.125721 45.95414 46.196632 करीब
44.671253 98.83908 98.9825 44.81467 60.691032 60.431366 90.35018 90.60985 एक
371.4173 471.44037 471.3011 371.278 7.0234375 7.3295746 52.83241 52.52627 आकर्षित
360.74847 420.27087 419.93512 360.41272 65.91205 66.41971 105.78601 105.27835 करने
441.05612 481.9559 472.415 431.51523 56.002167 63.82492 113.70752 105.884766 और
137.25598 178.54916 178.68417 137.39099 58.55856 58.365273 87.20885 87.40214 हार
141.72455 187.43613 187.57538 141.8638 102.14322 101.859436 124.29028 124.574066 गया
132.8527 207.23015 207.31294 132.9355 154.7023 154.50165 185.19693 185.39758 सड़क
302.644 351.1602 350.62454 302.10837 234.67998 236.43352 251.2541 249.50056 इस
542.03156 597.0274 579.25275 524.2569 131.83649 144.6778 220.80194 207.96063 हुए
19.079206 77.726395 77.926544 19.279356 104.76177 104.37436 134.6737 135.06113 जाओ
