483.29742 572.7319 572.1723 482.73785 42.697495 43.47049 108.21123 107.43823 इस
465.30328 559.3993 558.37335 464.2773 143.87553 145.58604 202.02773 200.31721 तरह
170.11778 227.33827 227.41579 170.1953 152.91597 152.7907 188.19432 188.3196 चौदह
488.33923 554.2457 554.25793 488.35144 281.339 281.3227 330.8316 330.8479 इस
287.96582 351.20477 349.04755 285.8086 160.31378 166.34314 188.96942 182.94006 अन्दर
8.580002 42.664368 42.091675 8.007309 198.05904 199.0323 219.0883 218.11504 यह
284.52994 329.00027 328.44327 283.97293 220.22298 222.12666 235.13835 233.23466 कर
397.0144 445.38666 445.3529 396.98065 8.795128 8.856731 35.348267 35.286663 अगर
455.82358 500.25436 500.22043 455.78964 8.72076 8.777344 35.41814 35.361557 आप
386.69986 436.97995 436.78464 386.50455 51.837914 52.150948 83.52424 83.211205 इतना
418.9933 476.5312 476.58795 419.05005 264.7018 264.6107 300.46 300.55112 लोग
