16.315218 70.72563 70.9382 16.527788 74.024895 73.71755 111.34971 111.65705 मुझ
84.90919 124.123055 124.26847 85.0546 73.742905 73.53717 101.25397 101.4597 पर
40.361313 173.88866 173.88948 40.362137 228.44212 228.44107 331.37048 331.37155 बहला
177.49036 225.48227 225.55627 177.56436 159.16411 159.01021 182.09196 182.24586 जब
288.43045 354.15665 351.79715 286.07095 161.44176 167.69621 192.49113 186.23668 ऊपर
126.07505 155.38925 158.90305 129.58884 17.313951 14.468155 50.663353 53.509148 पैर
132.69995 192.90851 193.10187 132.89331 80.893295 80.545 113.96988 114.31818 छूकर
475.60367 494.85806 484.481 465.2266 25.069115 28.945854 80.48513 76.60839 ने
505.49347 589.59827 589.40594 505.30118 41.864426 42.326927 77.291275 76.82877 आकर
452.45105 539.82385 539.41736 452.0446 108.82689 109.895004 143.14688 142.07877 सलाम
440.28397 507.48166 506.66476 439.46707 160.76566 162.0195 205.8005 204.54666 करने
4.8172264 41.180832 39.94952 3.5859137 273.83755 274.84488 319.29306 318.28574 उसे
131.02953 174.01585 174.10149 131.11516 154.88855 154.76166 183.7724 183.89929 घर
314.44833 364.88547 361.98172 311.5446 128.47296 133.57666 162.27283 157.16913 पंद्रह
265.53412 336.32117 335.2603 264.47327 208.11235 211.12291 236.06715 233.0566 ऐसे
161.84381 219.6781 219.8153 161.98102 255.3033 255.1063 295.3927 295.5897 उतनी
