22.34893 75.69539 73.383224 20.03677 243.02731 244.89285 311.01096 309.14542 और
87.66922 173.27847 173.4141 87.80484 245.85184 245.668 308.816 308.99985 उसकी
456.31586 539.7674 539.78687 456.33533 277.1581 277.12595 327.69052 327.7227 पर
13.130386 141.06747 141.58199 13.644897 17.312073 16.59967 108.99686 109.70926 इस
276.2585 327.77438 326.99966 275.4838 209.33784 211.68645 228.68034 226.33174 घर
67.711235 111.59902 108.96743 65.07964 208.98456 211.35178 260.141 257.77377 कुछ
546.51685 586.6482 586.67786 546.5465 284.46765 284.4226 310.83545 310.8805 वह
402.39923 550.2188 548.66986 400.85028 81.576675 83.94499 180.62483 178.25652 अलग
4.0187645 42.836536 42.06628 3.2485068 193.88663 194.99045 222.07782 220.974 और
126.8356 182.96585 183.05194 126.92169 65.59695 65.34107 84.22855 84.48443 धनपत
147.02132 197.39076 197.49904 147.1296 5.81063 5.6657295 43.308308 43.45321 और
