400.8412 570.1112 568.6583 399.3883 39.76999 41.99449 152.54547 150.32097 अनुभव
10.06073 108.36284 108.76718 10.465073 48.91153 48.33264 116.99426 117.57315 खबर
418.72742 462.3338 462.35352 418.74713 291.89282 291.8636 321.2376 321.26685 पर
492.9163 546.4337 546.4535 492.93607 291.7344 291.69852 321.18124 321.21713 उठ
9.493423 41.728363 41.23649 9.001549 195.05836 195.98647 213.0703 212.1422 एक
58.455894 104.64988 104.75349 58.5595 263.50964 263.39728 305.9817 306.09406 बन
122.94554 172.69371 172.79799 123.04982 263.07605 262.95502 305.8161 305.93713 गए
99.41138 211.06683 211.41751 99.762054 11.01023 10.492157 86.07064 86.588715 अब
28.050741 45.512505 45.548393 28.08663 291.52612 291.4842 306.4226 306.46454 गया
141.77672 187.90889 188.00261 141.87044 154.22368 154.03572 177.03844 177.2264 बारह
195.97403 234.4491 234.54349 196.06842 153.8135 153.6666 178.384 178.53091 एक
467.46436 539.9227 538.7879 466.32953 160.22595 161.66843 218.67255 217.23007 तीन
310.16324 358.6262 355.91214 307.4492 149.49733 154.22447 182.04906 177.32191 वह
30.944214 96.47886 96.6243 31.089653 4.9334054 4.7259026 50.659657 50.86716 इस
419.6122 458.2601 458.33273 419.68484 252.06068 251.96909 282.60822 282.6998 हर
49.257942 106.75335 107.124596 49.62919 205.31427 204.90823 257.47684 257.88287 रहा
