416.03076 504.6023 504.6277 416.05615 267.73682 267.69867 326.6571 326.69525 एक
29.82624 95.08013 95.25689 30.002998 7.4100413 7.183529 58.10334 58.329853 लिए
114.3076 162.247 162.3636 114.42421 21.624527 21.462067 55.86788 56.030342 तब
39.13931 93.512955 93.7063 39.332653 80.7091 80.39587 113.9587 114.271935 तक
111.18762 185.97375 186.28537 111.49924 66.45538 66.00961 118.28645 118.73222 दवाई
442.1374 594.35065 593.9677 441.75446 13.177185 14.058525 80.19509 79.31375 साहब
420.03772 564.01245 562.9224 418.9477 136.73497 139.32133 199.99876 197.4124 साहब
3.1141434 36.28968 35.722176 2.5466397 202.936 203.8768 223.88904 222.94824 वह
156.75026 228.49846 228.58946 156.84126 152.99309 152.7813 183.61153 183.82332 भाई
520.2238 586.5396 586.56635 520.25055 286.60275 286.54056 315.04965 315.11185 नाम
161.50026 210.98222 211.13683 161.65486 23.159819 22.97464 64.28259 64.46777 यह
388.32504 446.03842 445.65457 387.9412 55.737976 56.212036 102.94202 102.46796 घर
