182.28223 225.94556 226.02026 182.35693 157.57544 157.45764 185.14645 185.26425 भर
416.8414 524.22327 524.2418 416.8599 289.6893 289.6321 324.3425 324.3997 मानसिक
542.60046 591.75867 591.7782 542.62 285.2822 285.25827 325.35794 325.38187 और
413.76773 478.20065 477.87564 413.44272 83.15922 83.7821 117.40243 116.77955 घाट
490.92957 541.3605 541.0333 490.60242 83.68782 84.17534 118.012985 117.52547 पर
399.52258 488.2539 487.46765 398.73633 145.07007 146.6044 192.07498 190.54065 जाओ
48.986526 146.18564 156.92645 59.72734 6.9714146 -2.6401215 105.97909 115.59062 हर
481.55493 594.3698 593.17126 480.35638 121.900085 123.84485 193.37039 191.42563 बार
153.97147 216.7427 216.80252 154.03128 4.9802713 4.833082 30.343346 30.490534 करुण
157.84508 197.17589 197.2751 157.94429 44.832966 44.67708 69.707 69.86289 स्वर
463.12488 585.3915 585.0128 462.74622 7.0814285 7.7502365 76.979195 76.31039 प्रतीक
5.5007763 50.74121 50.854156 5.6137257 124.24977 123.94054 140.4655 140.77473 बटलर
61.833122 81.21441 84.211235 64.82995 116.0981 113.81639 139.27214 141.55385 को
