472.02765 534.1852 534.20734 472.0498 284.57748 284.54208 323.49796 323.53336 बोझ
13.510376 97.090965 97.156364 13.575775 269.12015 269.00693 317.2811 317.39432 लगा
120.53259 182.73036 177.36841 115.17064 263.61584 268.4959 336.83533 331.95526 इस
80.08243 141.52193 141.70114 80.26164 38.584435 38.31684 79.466125 79.73372 पर
173.92575 231.98172 232.06454 174.00858 152.89497 152.75313 186.65779 186.79964 रस
420.96475 469.88907 469.93167 421.00735 274.21222 274.14154 303.6214 303.69208 हम
182.41144 233.95157 234.06763 182.5275 261.46957 261.30136 296.86807 297.0363 घर्षण
289.2171 352.53918 349.65564 286.33356 159.34984 165.39876 195.58473 189.53581 इस
137.04494 195.93529 196.1035 137.21315 18.111122 17.89315 63.342377 63.56035 हुआ
135.21811 174.82535 174.88339 135.27615 164.10512 163.968 180.73756 180.87468 भाग
542.6386 591.79816 591.8233 542.66376 286.59784 286.52905 304.5008 304.56958 साथ
53.36728 71.556015 69.99713 51.8084 231.74072 232.61832 264.92657 264.04898 न
83.67029 120.06897 120.27757 83.87889 232.38907 232.15897 265.1563 265.3864 कर
312.1934 358.4813 356.2108 309.92288 123.9691 128.6866 150.96486 146.24736 संभव
6.756607 42.721203 42.16807 6.2034755 189.92148 190.96124 210.09387 209.05411 सब
3.4432564 80.70761 81.032104 3.7677422 77.07519 76.58629 127.86697 128.35587 घर
