78.90907 135.2264 135.29854 78.98122 2.0014977 1.7332249 16.879549 17.147821 कर
438.84778 506.92523 506.60876 438.5313 33.729523 34.325027 70.50113 69.905624 बहुत
237.64734 311.78308 321.52966 247.39392 291.67905 279.59982 339.41934 351.49857 प्रदूषण
139.9493 302.8203 304.97192 142.10088 140.93214 137.03563 226.96956 230.86607 सका
361.76077 440.89914 474.1271 394.98874 191.9459 145.80727 202.8008 248.93944 एम
11.811182 61.896675 61.957954 11.872461 7.335542 7.14089 22.907457 23.10211 एक
358.29507 396.66238 410.87717 372.50986 277.26276 267.71857 324.86163 334.40582 रहा
375.7215 421.13477 436.31744 390.90417 113.98157 87.611176 113.75775 140.12814 उन
464.38483 516.30786 515.9259 464.0029 83.39274 84.12713 111.13424 110.39985 पर
304.39993 357.34824 375.0817 322.1334 295.03888 280.63757 345.83704 360.23834 उसने
4.1603737 47.77173 48.33443 4.723076 188.34882 187.42758 214.06625 214.98749 इस
68.82062 126.24483 126.7563 69.33209 186.98291 185.76993 209.9837 211.19669 शहर
