445.01068 512.1289 512.14746 445.02924 286.73523 286.7032 325.60626 325.6383 बहुत
279.82092 336.4853 335.8921 279.22772 214.76286 217.6303 229.35313 226.4857 जान
15.882191 97.65349 97.692215 15.92091 250.40408 250.36227 326.10776 326.14957 सिर
112.217514 177.14497 177.1728 112.245346 271.6636 271.6304 326.0671 326.1003 पर
392.39462 472.5317 471.60367 391.46658 113.61232 114.85698 174.60841 173.36375 और
483.56598 563.7936 563.1591 482.93152 133.9349 135.181 176.03046 174.78436 चाय
294.31015 349.3234 346.8555 291.84225 159.83633 165.09155 190.92651 185.6713 रूप
168.28244 232.44955 232.53622 168.36911 151.34993 151.19313 186.65663 186.81343 बहुत
306.1612 356.3004 355.65778 305.51855 230.3128 232.16675 249.54651 247.69257 कर
58.72783 111.660416 108.487686 55.5551 195.67514 198.31094 262.02585 259.39005 यह
497.3908 565.0586 564.7387 497.0709 37.127853 37.566803 86.89199 86.45304 तब
520.97687 566.99774 567.03143 521.01056 278.19177 278.11462 298.20618 298.28333 बात
357.18814 498.73392 497.9863 356.44052 11.19558 12.358269 103.3719 102.20921 करना
