426.46698 576.7349 575.6302 425.36224 16.712479 18.26715 125.04683 123.49216 अपने
413.83475 506.907 506.91794 413.84567 286.73758 286.71457 330.8433 330.8663 सबर
19.77659 78.89331 79.00175 19.885027 43.819576 43.583824 70.774796 71.010544 जरूर
96.66187 132.02527 132.13336 96.769966 43.598396 43.45736 70.56289 70.703926 मर
26.571468 68.372604 68.53406 26.73293 95.84391 95.58939 122.10847 122.36298 गए
35.29854 86.975525 87.10535 35.42836 257.47076 257.3081 298.54834 298.711 सबसे
98.233505 150.16457 150.2919 98.36084 257.00848 256.85992 301.36395 301.5125 पहले
487.12445 577.83374 576.5551 485.8458 124.849335 126.46182 198.39087 196.77838 वह
5.0604706 33.5971 33.219727 4.683099 196.74509 197.56918 210.63675 209.81265 आज
5.066889 29.105524 28.57421 4.5355744 211.6281 212.30257 231.23906 230.56459 और
179.84793 232.44958 232.52411 179.92245 151.29494 151.19313 189.70833 189.81013 गए
141.41473 175.97623 176.0188 141.4573 7.4602146 7.384363 26.787725 26.863577 मन
143.62468 216.52681 216.62001 143.71788 29.499987 29.250526 56.483467 56.732925 पछताते
151.75482 201.65707 195.44379 145.54153 238.02734 242.57666 310.73145 306.18213 फिर
356.72104 419.3975 406.69955 344.0231 -1.8974762 8.005608 88.37056 78.467476 वह
526.3878 595.89624 595.9203 526.41187 288.6967 288.6379 317.1476 317.2064 गलत
131.02936 186.57089 186.65671 131.11517 154.82732 154.66338 183.73534 183.89928 पान
63.4263 104.425766 104.571106 63.57164 73.63173 73.41696 101.16081 101.37558 इसके
115.790634 156.7513 156.8372 115.87654 81.364555 81.154945 97.943275 98.152885 अन्दर
68.29637 95.9964 96.10289 68.40286 113.90947 113.73137 130.29329 130.47139 चार
53.23873 105.09518 105.44576 53.589317 203.71867 203.2982 246.53456 246.95503 बाद
