5.8460846 39.06965 38.419067 5.1955023 202.00928 202.94879 225.95499 225.01547 उसे
100.87959 171.53389 171.73076 101.07646 24.303516 24.015976 72.39281 72.68035 घर
470.28613 550.52673 550.2671 470.02652 34.134903 34.59719 79.655716 79.19343 उमा
133.66322 186.57085 186.6592 133.75157 154.83302 154.66338 182.21672 182.38637 तक
293.3875 354.6811 352.31598 291.0224 159.7482 165.60333 190.36179 184.50665 तक
9.393234 106.903015 107.30992 9.80014 49.924965 49.34684 117.977684 118.55581 गिरावट
122.25962 167.78311 167.93134 122.407845 89.44878 89.18434 114.69969 114.96413 प्रमुख
470.2232 524.28766 523.9538 469.88934 98.496414 99.08469 129.7667 129.17842 उस
538.2695 582.82916 582.49335 537.93365 99.05385 99.53871 130.4037 129.91884 पर
457.14337 531.6387 530.8849 456.38956 151.56482 152.87509 195.73242 194.42215 फबते
