410.80106 491.64005 490.85703 410.01804 124.295746 125.55792 175.70709 174.44492 अपने
6.7566566 37.36688 36.67638 6.066157 191.94547 192.82193 216.93738 216.06091 बंद
273.05527 335.4072 334.545 272.19308 210.48198 213.22054 232.8503 230.11174 शरीर
10.299313 57.1953 57.302227 10.406239 14.234579 14.089966 48.765854 48.91047 फूल
412.05023 505.00293 505.02753 412.07483 282.55472 282.49753 322.4667 322.5239 निकल
118.17263 159.74612 159.79208 118.21859 21.004744 20.894112 38.16961 38.28024 कारण
165.38452 205.81396 205.85983 165.43039 20.91258 20.804993 38.04702 38.154606 मानव
121.931595 162.95244 163.04488 122.02403 48.163734 47.999146 71.036385 71.20097 अपनी
524.83 594.6236 594.6358 524.8422 292.8971 292.8734 328.72034 328.74402 पास
307.04996 355.38675 354.84793 306.51114 234.22255 235.98302 250.77675 249.01628 एक
45.01609 111.065254 111.226555 45.17739 46.580257 46.285065 82.37628 82.67148 कटते
51.08889 104.25289 104.518776 51.354774 95.32617 94.973724 135.07814 135.43059 रहते
