516.56616 557.39307 557.4252 516.59827 281.37415 281.31512 303.495 303.55402 नए
32.186104 91.988815 92.090904 32.288193 258.32062 258.20575 311.36755 311.48242 उसने
111.50177 156.54068 152.20435 107.16544 252.84918 256.1883 314.67767 311.33856 और
491.93805 558.49817 558.0163 491.4562 126.15674 127.0921 161.38147 160.4461 बाहर
481.75085 559.5636 558.9741 481.1614 182.22997 183.73985 214.11565 212.60576 जाकर
267.02454 337.044 336.08307 266.0636 209.50838 212.52522 234.8286 231.81175 बीच
305.81198 365.0886 362.68954 303.41293 117.97504 124.07013 147.40137 141.30627 शहर
500.85602 536.195 536.2011 500.86212 308.79874 308.78836 329.78824 329.7986 वह
49.050606 98.33541 98.71351 49.428703 198.89473 198.48027 243.44234 243.8568 उन
369.49054 598.1272 597.0471 368.4105 4.017212 6.22097 118.27406 116.070305 पछताओगी
325.06543 356.31433 355.87415 324.62524 249.69202 250.63104 265.28082 264.3418 पैर
429.7621 494.33923 494.3636 429.78644 287.8479 287.79633 318.28186 318.33344 साथ
389.56015 418.69327 418.3237 389.19058 159.21301 159.69086 182.22427 181.74643 वह
425.71588 475.99615 475.58948 425.3092 152.9566 153.76077 179.1886 178.38443 जीवन
147.48381 213.451 213.54689 147.5797 153.1313 152.90294 180.60371 180.83208 काम
