146.07237 185.86824 185.96568 146.16982 153.2841 153.12602 177.65596 177.81404 वह
26.219841 142.67447 156.12396 39.66932 5.9713264 -5.633896 129.32703 140.93225 बात
407.75867 470.0243 469.463 407.1974 81.334366 82.03116 132.19048 131.49368 हित
478.55383 530.13354 529.7833 478.20358 97.438675 98.00139 130.10634 129.54362 कर
399.32477 491.36865 490.87762 398.83374 145.99707 147.45926 178.36963 176.90744 सकता
38.076202 190.62227 190.67648 38.130417 229.97185 229.88531 325.4687 325.55524 परिवार
419.13403 495.56232 495.58093 419.15265 283.60806 283.5751 326.66098 326.69394 दौलत
7.66922 43.740494 42.970345 6.89907 193.99438 195.02011 222.10355 221.07782 और
214.86275 265.13055 265.19 214.9222 4.696513 4.5790615 30.027946 30.1454 कहा
4.566822 43.320133 42.177578 3.4242656 282.8768 283.95035 325.1945 324.12094 सभी
269.3131 335.66815 334.54504 268.19 204.36462 207.27896 232.85028 229.93594 हर
500.71722 598.61127 598.61993 500.7259 276.988 276.9728 332.92148 332.93668 लिए
381.42145 470.21594 469.96692 381.17242 28.746567 29.224495 75.495865 75.01794 तक
487.50775 589.1752 588.92316 487.2557 28.753754 29.300995 76.13617 75.58893 पता
