298.7496 347.17758 344.09207 295.6641 160.26044 164.88657 197.1867 192.56058 खुद
70.05444 137.59033 132.88654 65.35065 245.65378 249.42386 333.68643 329.91635 भूल
3.8280582 52.767616 52.82296 3.8834019 7.239783 7.125025 30.72785 30.842607 गया
12.541334 63.926514 64.02902 12.643843 59.39717 59.168365 82.189926 82.41873 आज
17.561966 108.28443 108.44527 17.722801 110.27677 109.678925 134.08539 134.68323 इजलास
140.38171 187.206 181.68091 134.85663 257.53906 261.61072 325.14905 321.0774 सिर
181.40959 233.14369 233.22127 181.48717 152.857 152.74374 188.18161 188.29486 वह
98.72128 205.18677 205.65555 99.19006 12.0370865 11.478508 100.82697 101.38555 उसे
9.471527 66.62961 64.88198 7.723896 259.17218 260.86212 319.97046 318.28052 इस
4.9324074 36.407852 35.749935 4.2744884 195.9338 196.8313 219.90472 219.00723 पर
66.37428 93.434784 96.848465 69.787964 6.329825 3.307804 33.875412 36.897434 बने
102.56174 131.08261 131.13315 102.612274 13.466057 13.395378 33.790455 33.861134 जब
