105.14667 181.8335 181.98065 105.29382 12.026916 11.768295 55.400986 55.659607 बात
494.23648 545.40564 545.42847 494.2593 290.90622 290.85587 314.0369 314.08725 कहती
178.71788 231.28737 231.3619 178.7924 151.3046 151.20285 189.71057 189.81232 और
432.64288 534.7051 534.1717 432.10953 10.1321945 10.8237915 89.536476 88.84488 इस
413.85944 553.0206 551.97046 412.8093 129.34435 131.7433 192.66017 190.26122 समय
2.9903297 117.09978 117.613174 3.503727 56.00463 55.255386 133.44492 134.19417 करने
264.8219 337.18146 336.2259 263.86633 210.05157 213.14911 235.4715 232.37396 पर
425.55365 491.12183 491.14337 425.5752 289.95728 289.9109 320.38025 320.42664 डाउन
477.07953 519.0563 518.7575 476.78073 80.515854 80.90257 113.34029 112.95357 वह
123.17351 158.59502 158.68117 123.25966 81.72833 81.54649 98.32654 98.50838 एक
168.86472 205.53064 205.61661 168.95068 81.525246 81.33701 98.085594 98.27383 बात
421.63242 470.3571 470.40762 421.68295 262.62555 262.51453 284.68732 284.79834 उस
7.4184227 31.408058 31.056713 7.067078 192.97626 193.67365 205.75986 205.06247 सब
7.4151917 37.57389 37.237904 7.0792065 217.0991 217.94722 229.89497 229.04686 साफ
139.54404 181.9993 182.08176 139.6265 154.81369 154.69916 185.26501 185.37955 वह
