121.62784 204.27084 206.06055 123.41754 136.34395 134.34065 208.17235 210.17564 हुए
56.35131 116.86927 116.70455 56.186592 233.76779 234.0505 269.31204 269.02933 एक
130.55994 165.2244 164.38611 129.72165 246.17245 247.41373 270.8234 269.58212 इस
182.23512 224.83952 223.99971 181.39531 247.98032 249.50595 272.95816 271.43253 तरह
205.82469 271.22992 272.4369 207.0317 110.132645 108.44824 155.31581 157.00021 इन
210.19168 284.50003 285.30505 210.9967 176.84615 175.24321 212.56227 214.1652 सब
99.150154 120.15232 120.10464 99.10247 263.80923 263.91165 273.68973 273.5873 कर
8.365364 59.738365 59.808777 8.435776 6.2046356 6.016094 25.200554 25.389095 दिन
409.177 596.96155 596.3027 408.5181 14.412399 16.308922 81.55194 79.65542 थायस
487.8921 598.7363 597.93555 487.09128 78.62001 80.43611 129.3128 127.496704 तरफ
164.50575 204.3278 203.25676 163.43471 272.71198 274.1621 303.5744 302.12427 खर्च
