290.23215 352.01376 350.0665 288.28488 161.61319 167.49228 187.95581 182.07672 समय
66.19475 184.60553 184.74455 66.33377 236.56633 236.34897 312.08746 312.30484 अपनी
91.9471 200.78511 200.99986 92.16185 8.968086 8.556313 65.316345 65.72812 कान
474.70868 588.8913 588.31 474.12738 84.30759 85.617325 136.29068 134.98094 करता
4.4706306 98.76442 99.138626 4.844837 61.035763 60.461647 121.92212 122.49624 अंग
404.93054 496.8424 496.67163 404.75977 6.0782967 6.3922462 56.38501 56.07106 निकट
392.12207 441.75177 441.3777 391.748 86.98941 87.502884 123.65785 123.14438 यह
171.5376 224.32358 224.42682 171.64084 151.45712 151.26093 179.03528 179.23148 रहा
6.7569275 39.806183 39.377155 6.3279004 203.04219 203.98589 219.01082 218.06712 एक
4.499447 64.303246 62.602512 2.7987103 254.5924 256.2268 318.4577 316.8233 कहा
426.15936 559.01605 557.6165 424.75983 156.47447 159.22441 226.84084 224.0909 जगह
