307.3537 357.0362 354.956 305.2735 151.37679 156.2047 177.61159 172.78368 एक
87.95524 189.58743 189.613 87.98081 239.52464 239.49542 328.42365 328.45288 शरीर
17.108398 82.28541 82.48288 17.30587 95.891266 95.481445 126.88655 127.29637 बाद
269.82413 314.24564 313.52573 269.10422 201.49612 203.71182 218.14499 215.92929 गये
274.8634 320.15643 319.6668 274.37378 223.16125 225.28665 235.7207 233.5953 राय
6.756954 37.245815 36.597687 6.1088257 204.04807 204.90784 227.89114 227.03137 हर
175.06253 231.04742 231.12265 175.13776 156.00523 155.86845 186.66011 186.79689 अब
39.726265 89.60756 86.60122 36.71993 249.23529 251.36316 321.83783 319.70996 तुम
79.2594 151.47092 151.84677 79.635254 65.776924 65.32574 125.48145 125.93264 एम
69.68438 101.92249 101.98792 69.74981 18.234722 18.14465 41.561687 41.65176 पर
312.3677 354.33798 353.9247 311.95444 242.8081 244.23196 256.41296 254.9891 यह
123.243996 179.71613 179.80185 123.32972 154.88371 154.71703 183.75557 183.92226 एक
