434.96893 585.8611 552.43463 401.54245 -0.7518921 27.217072 207.55244 179.58348 एक
92.32255 125.437904 123.03506 89.9197 231.54459 233.70163 270.59067 268.43362 आप
131.52869 182.36255 182.57169 131.73782 233.47766 233.17133 267.87527 268.1816 शायद
86.392136 115.20746 112.98523 84.16991 293.89612 295.74908 330.30695 328.45398 इस
122.466156 153.97375 151.13263 119.62503 293.0853 295.61697 330.9755 328.44382 बात
161.30035 184.37216 180.9372 157.86539 293.26025 295.51343 330.68597 328.4328 पर
11.264848 39.616875 44.45797 16.105942 56.7831 53.208145 91.60158 95.17653 रहे
52.53851 89.810776 89.94559 52.67332 63.67323 63.49305 91.38165 91.56184 यह
16.54903 88.088135 88.29375 16.754635 96.487335 96.03296 128.40341 128.85779 बिरादर
4.0160027 40.000862 39.44767 3.4628115 189.84021 190.88055 210.01523 208.97488 कर
472.138 553.81946 552.8005 471.119 171.00342 172.6618 222.85165 221.19327 रहा
429.74908 467.0307 467.06934 429.78772 275.4781 275.41595 298.58386 298.646 यह
428.47708 471.16562 471.16855 428.48 301.94315 301.9393 334.40323 334.40707 देश
9.990868 77.96171 75.35046 7.379615 241.60718 243.61682 331.9345 329.92487 ढंग
82.79591 201.27849 201.51286 83.03029 27.399885 26.879044 80.19432 80.715164 जीवन
458.74155 483.91006 476.40433 451.2358 6.0010757 10.886444 49.554485 44.669117 देर
295.16626 336.6911 333.9093 292.38446 158.83626 162.81062 191.87541 187.90105 उसे
475.41992 569.42444 569.4568 475.45227 280.58255 280.43887 301.579 301.7227 हरदयालसिंह
474.36594 505.2703 505.27682 474.37247 310.30795 310.2966 328.1226 328.13394 एक
4.03109 32.566658 32.062836 3.5272672 211.99907 212.8004 230.74178 229.94044 घर
