415.85913 504.55627 504.56897 415.87183 268.77512 268.75723 331.8901 331.908 और
276.32068 328.38593 327.72186 275.65662 214.5857 216.8869 231.9112 229.60999 और
14.945347 93.70383 93.91141 15.152927 8.255643 7.9634857 63.920803 64.21296 आई
115.09935 197.75984 197.87752 115.217026 22.438976 22.156128 56.547596 56.830444 अमर
8.518658 41.264477 40.186092 7.4402723 290.83307 291.80103 328.2835 327.31555 पर
55.7576 76.03244 74.3262 54.051365 290.64313 291.66858 325.40295 324.3775 न
292.4474 354.9431 351.84937 289.35364 158.57603 164.55751 196.882 190.90053 और
512.1534 587.0286 587.0373 512.16205 277.0146 277.00293 332.92328 332.93494 बैठ
15.392998 94.1256 94.43852 15.705917 88.96563 88.442444 135.53177 136.05496 करने
87.62417 183.16629 183.26382 87.7217 233.27173 233.16385 319.5445 319.65237 कर
320.45013 354.02637 352.43945 318.86322 138.70462 142.04715 157.98819 154.64566 पीठ
119.346725 207.50648 207.78511 119.62535 69.61711 69.09796 116.41118 116.93033 समूह
37.042046 64.97281 65.1226 37.191833 243.89436 243.72604 268.58313 268.75143 सब
