39.449615 97.50592 97.614365 39.55806 263.95944 263.75333 294.3027 294.50882 अपना
106.54334 156.01782 156.12793 106.65345 263.5362 263.37476 297.1223 297.28375 हृदय
164.60167 217.83485 217.94456 164.71138 263.16388 262.97485 293.8755 294.0645 बदल
20.991314 88.36612 88.48695 21.112156 7.8347163 7.6303024 47.459324 47.66374 उनके
103.16142 177.54448 177.67598 103.29292 5.6632967 5.4345436 48.193726 48.422478 जीवन
29.999243 68.140396 68.28991 30.148756 77.56107 77.35543 105.08712 105.29276 पर
84.22044 178.12819 178.3527 84.44496 63.355934 62.849632 104.49374 105.00004 भारतीय
269.53375 335.41876 334.6324 268.74738 210.2979 213.7422 228.7849 225.34059 नाम
304.1794 351.42715 347.5723 300.32455 152.14606 156.72873 196.4726 191.88992 देर
52.86605 96.6905 94.23716 50.412712 207.81937 209.90277 261.50903 259.42563 हर
204.44029 231.06001 218.49196 191.87224 140.37122 148.08905 191.43774 183.71991 गैप
140.52058 160.11165 157.31606 137.72499 295.37582 297.10934 328.70316 326.96964 हर
