-9.719761 107.49664 126.910126 9.693722 168.89091 60.873825 81.94066 189.95775 तरह
501.05502 554.5931 569.39197 515.85394 184.4986 124.3219 137.48828 197.66498 आज
521.57446 576.9298 598.2035 542.84814 224.92255 163.50217 182.67517 244.09555 बहुत
54.777725 139.92061 139.89842 54.755543 417.72012 417.7883 445.48093 445.41275 हर
3.4632492 150.64517 164.43292 17.250984 199.33624 64.34802 79.381226 214.36945 अकारण
479.54358 545.68884 563.01685 496.87158 79.45746 3.9425812 19.120598 94.635475 काम
503.36566 545.3923 562.5235 520.4969 120.67197 73.28122 88.473404 135.86415 पर
45.069702 164.30798 163.87408 44.635807 395.46045 397.9178 418.97113 416.5138 साथ
3.3966713 59.872684 69.065414 12.589397 131.1438 78.95154 88.89877 141.09103 उस
70.08194 126.832504 137.11502 80.364456 69.51668 17.070679 28.197159 80.64316 उम्र
9.612061 65.74695 65.70864 9.573757 426.24603 426.3958 440.75067 440.6009 इस
