476.8662 514.60474 530.9611 493.22256 135.77942 93.139755 107.61606 150.25572 गए
519.6344 564.7512 584.9878 539.871 75.14915 24.145592 42.046524 93.05008 और
498.76276 561.8354 575.9587 512.88605 163.64243 92.547516 105.07712 176.17203 आपस
320.3285 384.6233 387.31866 323.02386 282.66446 275.69974 300.58206 307.54678 मत
31.916107 159.91133 159.78204 31.786825 395.1894 395.55756 440.502 440.13385 रही
152.1845 211.19478 203.48857 144.47829 86.00235 101.41182 130.92262 115.51315 हम
269.93802 312.72025 310.87192 268.0897 14.493763 19.352903 35.626602 30.767462 गया
42.20108 90.53691 90.52417 42.188335 433.86963 433.9284 444.41412 444.35535 वह
313.44904 349.70996 347.55072 311.2898 14.818142 18.933388 37.959114 33.84387 वह
320.66965 355.61447 356.96786 322.02304 212.33966 209.07443 223.55856 226.82379 गए
321.1966 352.024 353.24176 322.41437 234.0068 230.98453 243.40564 246.42792 पर
10.813416 63.297417 63.220436 10.736435 419.3324 419.63605 432.94135 432.6377 इस
