30.166878 118.08036 117.99728 30.083792 412.66425 412.93542 439.87335 439.60217 इन
218.91508 248.98872 231.54088 201.46724 132.5107 159.9019 179.05843 151.66722 वह
187.77534 216.94838 199.46892 170.29588 171.06389 197.76024 216.86128 190.16493 पर
369.87097 403.4439 393.2425 359.66956 62.84279 84.85777 100.41492 78.39993 उस
489.46585 565.1251 597.0244 521.3651 166.93222 82.23828 110.73471 195.42865 और
34.410187 165.67072 165.34698 34.08645 395.77145 398.44913 414.3185 411.64084 महाराज
-1.0713654 136.5451 145.27043 7.653961 157.66867 30.80661 40.271606 167.13367 लपकाकर
-2.0279865 60.78428 70.41907 7.606804 191.82681 134.1376 144.62799 202.3172 हाथ
-0.46972656 71.388016 79.47709 7.6193466 223.54564 157.79301 166.63316 232.38579 कण्ठ
78.571594 137.71301 137.70432 78.562904 434.58218 434.62955 445.47916 445.4318 आम
