4.9016533 48.889366 49.00737 5.019657 23.723886 23.357319 37.517647 37.884216 अरी
495.88812 598.5709 598.1451 495.46225 34.82572 35.83191 79.28975 78.28356 वजह
351.71234 405.10437 424.86798 371.47595 273.66788 260.68027 341.92825 354.91586 आगे
122.31634 278.0989 279.965 124.18243 148.90555 145.25262 224.83414 228.48706 बहुत
135.49968 182.08095 181.08827 134.507 239.88092 241.54709 269.30002 267.63385 सबसे
196.9433 253.29022 252.33466 195.98773 243.11795 245.13339 271.84836 269.83292 अधिक
265.88394 329.30283 329.11234 265.69345 13.323002 13.686863 46.8914 46.52754 गए
264.0906 328.78818 351.24515 286.54758 287.50357 269.01474 347.59775 366.08658 तक
270.39926 349.02042 350.1559 271.53476 178.62195 176.94107 230.05206 231.73294 पर
4.4064293 52.97456 53.63949 5.0713577 191.3724 190.35577 222.12195 223.13858 यह
65.84985 130.81181 131.55139 66.58943 181.22426 179.82811 214.24077 215.63692 लोग
349.0348 432.54144 450.16022 366.65356 139.2848 90.72269 121.01964 169.58176 साफ
