322.85373 388.57126 391.4777 325.76016 280.295 273.20535 300.14615 307.2358 कर
190.53659 209.1673 156.55014 137.91943 78.84607 101.25868 144.99722 122.58461 एवं
38.00383 162.20174 162.0901 37.8922 395.84473 396.1504 441.50708 441.20142 रही
469.53278 508.86823 527.5074 488.17194 118.0341 73.47485 89.928894 134.48814 पर
491.52155 558.2907 585.7513 518.9821 159.71573 84.84732 109.33722 184.20563 उसने
238.14523 290.02628 286.25363 234.37259 205.34586 211.3052 244.14926 238.18991 और
205.4235 236.20865 221.02698 190.24182 144.86069 172.94864 189.58817 161.50021 यह
177.68977 210.09563 196.40773 164.00188 179.19804 208.8889 223.82845 194.13759 रात
4.9387283 75.82794 75.770325 4.8811135 434.20212 434.56802 445.72964 445.36374 भगत
173.97037 241.15915 249.19003 182.00125 79.998 48.852432 66.17709 97.32266 गए
520.3105 579.69635 605.3503 545.9644 230.05678 164.26552 187.4218 253.21306 और
