97.52594 149.26645 149.17883 97.43833 417.71057 417.97766 434.94672 434.67963 इन
256.52408 307.70026 305.2388 254.0626 3.817627 9.621067 31.327156 25.523716 जान
487.10294 562.0559 586.8695 511.91653 95.53603 10.218544 32.01774 117.33523 कहा
73.21242 158.59697 158.3395 72.95494 395.5179 396.59903 416.93484 415.85373 तुरन्त
493.337 542.2984 561.4877 512.5263 187.88637 133.07643 150.21812 205.02806 लिए
513.3725 578.57806 597.7298 532.52423 219.98964 147.13628 164.27751 237.13087 तस्वीर
10.925819 82.61365 82.59543 10.907602 426.78897 426.8613 444.9197 444.84738 एक
245.90485 284.45105 281.565 243.0188 199.62253 204.0552 229.15198 224.7193 बैठ
526.8247 561.2965 572.9674 538.4956 251.24411 213.05548 223.59055 261.77917 तब
543.61 577.1188 588.73303 555.22424 278.1619 241.24619 251.7886 288.7043 वह
