366.65237 404.26553 392.78506 355.1719 59.32794 84.00293 101.50311 76.828125 शब्द
263.88257 323.95923 321.39075 261.3141 6.4619637 13.282724 35.905807 29.085047 महल
213.87056 246.57082 229.118 196.41774 135.52129 165.32082 184.47252 154.67299 उन
182.73618 215.40631 197.92093 165.2508 174.06866 203.9812 223.07855 193.16602 पर
236.81079 282.824 279.93164 233.91843 214.03401 219.31126 244.5302 239.25294 उसने
-12.767914 127.68681 151.75284 11.298111 165.60751 36.088013 62.185913 191.70541 अणु
501.79422 552.36707 584.12573 533.55286 171.07562 114.5853 143.01712 199.50745 दूर
192.173 219.22711 207.0798 180.0257 153.76595 178.48622 191.78035 167.06007 घर
253.28146 295.59183 292.96445 250.65408 181.80243 186.68362 209.45776 204.57657 यह
-2.7708473 93.85251 109.27106 12.647694 108.462875 18.887192 35.518845 125.09453 यह
