24.791626 163.24432 163.16614 24.713438 409.40475 409.7455 441.50974 441.16898 भाड़
459.43 514.3126 530.7757 475.89307 119.54132 57.01332 71.46344 133.99144 सिस्टर
480.69922 520.66736 534.7656 494.79745 152.0448 106.97342 119.47537 164.54675 कहा
535.64136 573.6305 585.6017 547.61255 90.0298 47.04367 57.62323 100.60936 आप
156.8269 207.78998 202.4526 151.48953 89.352875 102.72908 123.06435 109.68814 पास
8.468262 108.34059 125.29547 25.423141 110.72897 18.271088 36.585617 129.0435 और
5.2003937 106.24158 123.0997 22.058517 156.97195 63.879578 82.177155 175.26953 उसी
6.6452026 107.33595 121.04168 20.350925 208.75392 116.53252 131.49693 223.71834 तरह
112.06209 181.09814 180.89 111.853935 395.8122 396.88818 410.24402 409.16803 विजन
171.69191 184.04991 153.5453 141.1873 112.22133 126.99925 152.50865 137.73073 वह
267.62195 318.377 316.42596 265.6709 12.394947 18.157383 35.342133 29.579697 भर
83.18091 196.19821 217.26532 104.24802 106.823975 2.9470062 25.867844 129.74481 रही
