466.23734 574.7007 603.9624 495.49905 143.22836 20.122131 45.90332 169.00955 सबब
73.49029 164.90268 178.75528 87.34289 109.60163 25.52523 40.586525 124.662926 चीख
248.08939 293.8344 290.9539 245.20888 185.5871 190.86057 215.84778 210.57431 कर
20.873611 166.09084 166.07323 20.856 400.8272 400.8833 446.49756 446.44147 पर
190.8714 242.15509 247.73889 196.4552 78.57915 54.758896 66.78052 90.60077 तक
236.21768 285.57172 282.8055 233.45149 213.96603 219.62646 243.74515 238.08472 एक
490.63495 573.64386 608.37213 525.3632 196.61143 104.10506 135.2679 227.77428 कुछ
-3.9361458 95.25267 107.08736 7.8985405 104.83844 12.836517 25.595688 117.59761 साथ
-3.8548546 90.41281 102.1767 7.9090385 148.02966 61.010788 73.75462 160.7735 करा
191.28009 211.0592 164.47443 144.69531 79.02725 102.81492 141.54953 117.76186 यह
