321.71136 384.5105 387.06598 324.26685 277.27417 270.54114 294.37646 301.1095 एक
20.13179 160.10545 159.94289 19.969225 403.47824 404.2299 434.50186 433.7502 बात
150.22943 199.96945 193.86548 144.12546 99.60252 112.52464 136.02017 123.09805 उन
6.422138 111.651344 129.54903 24.319817 151.37122 54.37204 73.78827 170.78745 फिर
7.5099792 97.49614 114.2453 24.25914 198.45786 115.95303 134.22098 216.7258 उसे
175.42581 239.73434 247.76358 183.45505 79.3233 49.51288 66.83392 96.64435 कोई
281.71414 333.13712 330.569 279.14603 6.6448517 12.478565 35.115795 29.282082 निबट
3.5950584 80.85593 89.10376 11.842892 75.29815 3.4567032 12.326714 84.16816 आज
1.9618931 59.02516 67.22229 10.159021 107.96225 55.083893 63.929764 116.80812 यह
258.84454 283.59448 276.37982 251.6299 -0.34716797 5.0812187 37.975323 32.546936 हुई
