200.82846 237.89514 220.43054 183.36386 144.92859 178.75784 197.89377 164.06451 एक
322.21716 384.57812 388.26788 325.90692 280.36365 273.6361 307.83795 314.5655 तुम
372.86996 419.22006 400.02158 353.67148 50.74823 81.19411 110.42146 79.975586 कोई
186.0694 238.63971 244.9208 192.3505 76.22425 51.84118 65.383354 89.766426 पर
321.4297 363.69598 365.76007 323.49377 241.71756 237.50455 258.21234 262.42535 घर
150.70683 198.26302 192.42357 144.86739 100.81343 113.1682 135.64555 123.29079 बना
254.98795 305.46967 302.80313 252.3214 1.8119812 7.5366745 31.050957 25.326263 अपनी
174.70352 214.14835 199.70197 160.25714 169.75972 205.88286 221.65764 185.5345 गया
243.60068 289.26575 286.49918 240.83412 217.02647 222.2618 246.39311 241.15779 यह
304.11505 340.24127 338.18713 302.0609 12.852798 16.949554 35.063545 30.96679 उस
