198.16484 230.79286 214.08769 181.45967 150.10643 179.90062 198.19466 168.40047 वह
256.9566 295.83884 292.44788 253.56564 2.0342674 6.4556293 36.27629 31.854929 गेम
21.046967 72.79399 72.70076 20.953732 414.98398 415.4169 426.56088 426.12796 सब
91.854095 155.94614 155.81473 91.722694 415.88638 416.70316 427.01376 426.197 काम
393.9536 430.27295 441.52832 405.20898 188.33746 171.60602 196.03833 212.76978 एक
295.8849 335.09412 332.52655 293.31732 7.333847 11.780218 34.42163 29.97526 उठी
328.17136 379.60483 381.53 330.09653 258.5934 253.27524 271.89383 277.212 छत
327.63928 373.56573 376.86237 330.9359 288.78433 283.74197 313.76828 318.81064 गई
178.90002 213.2066 197.24225 162.93567 172.0795 203.49371 220.92795 189.51373 घर
47.537247 120.60491 120.38164 47.313972 396.03925 397.0713 412.87903 411.847 ईसाई
