27.761597 135.23871 135.18872 27.711601 412.63132 412.8066 443.45944 443.28415 और
263.49225 312.08142 309.6194 261.0302 4.603157 10.113232 31.823936 26.313862 एक
152.92682 210.46918 203.28586 145.7435 86.1846 101.23274 128.70093 113.65279 बार
202.24355 234.92314 217.46492 184.78532 143.17657 172.99551 192.12857 162.30963 रह
369.88037 410.61536 394.63458 353.8996 58.57263 85.3531 109.660965 82.88049 उसे
55.730606 136.15953 135.92955 55.500626 395.68018 396.81616 413.09857 411.9626 विनय
166.503 177.66948 150.12126 138.95479 114.13843 127.50241 150.52072 137.15674 पर
135.66924 175.2654 175.11116 135.515 397.3277 397.9945 407.15356 406.48676 यह
184.88939 216.3744 203.45454 171.96953 168.42299 197.235 211.3535 182.54149 उन
374.24164 404.49414 393.05084 362.79834 44.97441 64.70108 82.25037 62.5237 पर
