544.7056 585.75287 599.6729 558.6257 222.23671 176.73778 189.29588 234.79482 एक
369.95584 418.39413 401.7678 353.3295 50.275215 82.05169 107.39596 75.619484 शब्द
327.70612 384.73615 386.8886 329.85858 287.1011 280.86002 300.5289 306.77 तक
464.39996 515.4662 528.1911 477.12488 114.77955 56.60575 67.77593 125.94973 गया
480.85278 534.05994 547.4807 494.27356 138.8978 78.59657 90.438446 150.73967 आज
497.3113 587.4657 601.6366 511.4822 165.87256 64.2587 76.83148 178.44534 इजलास
305.186 345.6899 347.4174 306.91348 69.367065 65.79474 85.381546 88.95387 पर
321.25897 377.43817 380.1115 323.9323 258.47092 252.67197 278.57095 284.3699 सर
426.8022 476.80823 489.62964 439.6236 71.31073 13.750763 24.889557 82.449524 तरस
441.57407 502.00992 521.54565 461.10983 99.958046 30.77163 47.83657 117.02299 खाओ
255.15292 290.4056 270.09232 234.83963 191.02472 205.84052 254.17395 239.35815 हुए
180.27856 235.57907 242.55948 187.25897 76.15551 50.528114 65.59092 91.218315 इस
