244.19789 325.32135 334.22498 253.10152 315.1933 301.8507 355.985 369.32758 रहकर
328.1444 359.54462 378.34192 346.9417 278.7853 270.3301 340.13797 348.59317 तो
267.115 347.4629 347.22058 266.87268 27.544983 28.151176 60.26985 59.66366 अजीब
373.74976 430.31836 449.65686 393.08826 179.39749 146.48734 179.72784 212.638 खूब
133.2137 177.2299 176.27574 132.25954 240.66269 242.23691 268.91556 267.34134 अब
192.62958 226.26205 225.22995 191.59747 242.76102 243.96524 272.79 271.5858 वह
362.1665 412.8615 429.7002 379.0052 274.33624 262.20715 332.58643 344.7155 बहुत
447.38852 500.50815 500.38547 447.26584 16.582722 16.844238 41.768353 41.506836 दस
521.2758 579.1474 578.96686 521.0953 5.2104797 5.4953995 42.155235 41.870316 बजे
156.16069 283.15094 285.29395 158.3037 129.21861 126.090195 213.07979 216.2082 और
334.44382 390.28122 409.15353 353.31613 107.06817 74.67424 107.204414 139.59834 लोग
558.6433 589.6022 590.9546 559.9957 193.48254 190.84735 206.7359 209.3711 सही
153.73549 203.42189 202.42793 152.74153 273.38068 275.18896 302.49988 300.6916 हाल
494.98438 533.0233 532.93945 494.90054 48.91517 49.196434 60.53775 60.256485 समय
492.87537 533.7092 533.5327 492.69888 65.784164 66.20882 83.17873 82.754074 सबसे
544.3955 593.0447 592.87866 544.2295 67.32777 67.83369 83.79589 83.28997 अधिक
37.342407 113.03241 113.947235 38.257233 177.29485 175.64641 217.65166 219.3001 उसके
