51.10547 111.58462 111.318115 50.838966 235.73755 236.16788 273.62256 273.19223 एक
356.61197 439.9116 473.6948 390.39517 194.94186 146.47232 204.53201 253.00156 हुए
463.5597 527.9419 527.74915 463.36694 27.149136 27.586422 55.96773 55.530445 बता
150.97269 195.01923 194.3724 150.32587 238.51392 240.07956 258.27643 256.7108 कारण
149.70319 210.34763 209.46927 148.82483 260.28412 262.4726 286.81268 284.6242 पर्यावरण
239.90845 281.09723 299.1275 257.93872 316.33685 303.2569 360.03424 373.1142 कर
292.34958 378.53842 391.09525 304.9064 284.9078 270.72903 347.05844 361.2372 सबकी
513.10406 567.2321 567.0706 512.94257 72.25839 72.850525 87.61331 87.02118 उसका
510.0241 543.7821 543.5075 509.7495 101.08447 101.59827 119.63928 119.12549 एक
510.22076 542.85486 542.4788 509.8447 124.20236 124.80905 145.03778 144.43109 और
216.39055 248.26015 247.49733 215.62773 246.84387 247.98236 269.336 268.1975 कर
380.02466 412.31427 422.3108 390.02118 271.51297 263.7714 305.46616 313.20773 जब
288.3533 348.31857 348.10135 288.13608 31.0309 31.483315 60.276505 59.82409 समूह
