258.3154 312.3561 333.46548 279.42477 290.75452 274.7791 346.1869 362.1623 बच
331.69055 394.67932 412.09375 349.10498 279.15433 263.45395 333.31918 349.01956 गया
524.9388 588.6215 587.74445 524.0617 71.33434 72.35873 126.88181 125.85743 हुए
131.66338 226.9478 228.73882 133.45439 143.6475 141.38301 216.7447 219.0092 यह
433.95325 509.708 509.57397 433.8192 14.213402 14.586365 41.81359 41.440628 बाहर
531.79193 590.64154 590.49786 531.64825 6.383251 6.646343 38.7771 38.514008 और
330.0594 386.9417 410.06824 353.1859 108.206055 75.207306 115.072174 148.07092 और
360.6936 413.2052 436.21295 383.70135 166.06883 135.50273 175.02931 205.59541 रही
392.1382 444.46555 467.33102 415.0037 220.1282 189.63943 228.88312 259.3719 रही
261.35043 299.32846 299.22842 261.2504 5.770424 5.9138412 32.407417 32.264 दिन
