370.14615 405.2451 419.82144 384.7225 118.61997 98.23805 123.33944 143.72136 पर
144.6961 285.2748 287.39935 146.82065 139.55956 136.18523 224.6967 228.07103 वह
56.331444 110.25287 110.11312 56.1917 238.01965 238.27155 268.18744 267.93555 हाथ
150.69081 204.37639 202.68636 149.00078 246.62152 248.56787 295.1839 293.23755 रहा
369.69653 426.23206 455.7771 399.24158 198.466 165.5589 216.31824 249.22534 गई
206.29993 237.48074 236.48691 205.30609 244.32083 245.43729 273.19308 272.07663 ढंग
269.4561 339.04037 339.69687 270.11258 165.84694 164.30376 193.90544 195.44862 मगर
273.57407 325.25406 325.88638 274.2064 222.36124 221.39743 255.30371 256.26752 यह
8.396439 46.667942 46.715572 8.444069 16.9197 16.749805 27.47924 27.649136 और
126.63988 142.7344 142.31673 126.222206 237.22351 237.79349 249.58752 249.01755 रहा
560.6526 596.4474 597.72156 561.92676 194.23749 191.19067 206.15988 209.2067 रात
