558.8982 597.3998 598.5172 560.0156 195.33762 192.0535 205.15353 208.43765 अगर
207.9664 282.99847 284.11642 209.08435 106.56385 104.615036 147.65738 149.6062 बहुत
120.40631 156.86621 156.97375 120.513855 23.81836 23.42815 33.47596 33.86617 उन
334.47925 374.48193 391.1668 351.16412 285.65427 275.17966 338.89944 349.37405 एक
141.07243 207.88252 206.735 139.92491 244.1434 246.5438 278.48282 276.08243 कहा
165.05965 257.49927 258.61273 166.17311 156.75447 154.6382 203.27568 205.39195 बाद
19.579226 61.67988 61.80876 19.708109 2.7536356 2.4601898 20.950527 21.243973 बंद
19.642792 61.8705 62.033722 19.806015 30.113571 29.60257 43.091125 43.602127 कर
223.15038 329.1997 341.13544 235.0861 291.61688 274.2426 347.09613 364.4704 ललकार
211.49234 246.06866 245.11328 210.53696 242.3501 243.586 270.31445 269.07855 इस
8.8428 63.1703 63.727062 9.399563 174.39261 173.1973 198.50247 199.69778 एक
81.88907 163.5652 164.06932 82.39319 172.78545 170.98839 193.9004 195.69746 लचक
476.66858 576.9667 576.2926 475.99448 19.80494 20.863045 84.75996 83.70185 और
78.93976 150.9074 150.97475 79.00711 5.785316 5.3958015 17.841217 18.230732 अपना
