118.60635 192.39386 191.23526 117.44776 3.108799 6.0282288 35.31116 32.39173 बहुत
361.63925 446.19534 446.541 361.9849 302.32907 300.21164 314.01395 316.13138 सकता
322.40622 391.5925 411.2546 342.06833 96.35933 51.584732 81.96687 126.74147 कौन
345.78094 398.38635 415.95618 363.35077 138.38498 105.33334 133.29767 166.3493 शेष
359.1516 418.91766 437.1714 377.40533 179.7102 143.255 173.18088 209.63608 और
101.895874 173.86888 172.8349 100.86189 38.421104 40.696144 73.4073 71.13226 लद
366.80408 447.30945 447.5569 367.0515 326.77994 325.39474 339.77383 341.15903 असल
305.2414 376.73608 386.40118 314.9065 50.828003 1.9863663 16.134201 64.97584 एकाएक
317.20547 381.52396 390.01535 325.69687 78.18919 35.071136 47.73764 90.8557 रमानाथ
98.33356 149.77249 149.13983 97.70089 72.16329 73.404396 99.62618 98.38508 इस
357.87906 389.16507 396.5576 365.27158 224.31854 205.45108 217.70935 236.57681 सब
364.71622 426.8124 438.5497 376.45352 246.20694 209.55093 229.4342 266.0902 समझते
376.46353 421.8583 432.08517 386.6904 272.7336 246.41922 264.06155 290.37595 अमीर
