304.34537 359.35703 372.77084 317.7592 87.6351 51.35202 71.68979 107.97287 बार
375.78146 425.21487 440.80472 391.3713 39.769146 7.235035 30.922764 63.456875 हम
213.9832 280.22375 280.677 214.43645 545.8642 543.9096 559.26996 561.22455 जन्म
206.39236 284.96347 285.34665 206.77554 566.5558 565.1289 586.2285 587.6554 अप्रैल
360.6385 437.998 438.47937 361.11987 307.9997 306.44324 330.3689 331.92535 युवक
375.91696 429.56735 439.87857 386.22818 171.18929 138.15746 154.90492 187.93675 साथ
385.3975 434.304 448.45358 399.5471 200.29626 170.93835 194.50977 223.86768 चले
102.63533 172.64726 173.29054 103.27861 552.0774 550.13196 573.282 575.2274 हुआ
95.80984 158.49628 158.68076 95.99433 579.69025 578.96405 594.88837 595.61456 भाव
377.71985 439.12653 439.30817 377.9015 335.47443 334.5407 346.4859 347.41962 अलग
322.55533 426.36746 455.5975 351.78537 118.382416 52.82846 99.11752 164.67148 तरह
296.56042 364.52606 364.812 296.84637 566.52936 565.35297 581.8743 583.0507 पास
