313.61966 381.18924 398.7971 331.2275 48.063957 2.9021225 29.246353 74.40819 अब
326.85492 399.10028 427.11835 354.873 99.626205 53.51393 97.4106 143.52287 यही
351.43698 420.2924 442.74625 373.89084 157.96063 115.54004 151.9862 194.4068 उठी
223.82907 276.82672 259.88132 206.88367 77.8103 139.21509 153.84045 92.43566 फिर
107.65073 172.45724 171.22849 106.42196 16.824112 19.185158 52.912872 50.551826 दिन
158.27512 219.26138 219.5451 158.55884 572.27795 571.339 589.76575 590.7047 कर
226.30873 311.6546 312.0033 226.65742 571.23035 569.91626 592.5647 593.8788 कहा
369.64383 441.11996 441.45255 369.9764 320.22403 318.9421 337.48715 338.76907 सकते
383.3378 423.92502 435.78268 395.19547 34.10736 7.26902 25.20118 52.03952 तक
114.68477 151.50677 151.04778 114.22576 54.490417 55.526405 71.84067 70.80468 मिस
114.657166 150.06839 149.77463 114.363396 79.961044 80.75731 93.82127 93.02501 आप
197.0311 244.10312 244.47028 197.39825 555.3601 554.20703 569.19556 570.34863 पर
258.28342 310.76956 311.18265 258.6965 553.8596 552.574 569.438 570.72363 हम
363.49295 400.4783 400.96292 363.97757 300.6362 299.77072 320.48068 321.34616 दूर
110.361534 157.25922 157.63016 110.732475 555.04193 553.8261 568.1347 569.3505 कर
98.390495 145.34293 145.49527 98.54284 582.2847 581.8134 596.99115 597.46246 रहा
