224.53018 288.6688 289.1282 224.9896 547.2529 545.4203 561.4983 563.33093 उठा
210.7074 265.93356 266.1299 210.90375 577.4677 576.8006 593.05524 593.72235 कर
379.4918 434.9731 435.2852 379.80386 319.52463 318.48917 335.21005 336.2455 रहा
103.98921 172.69812 171.90807 103.19915 17.344398 19.837673 41.60981 39.116535 साठ
101.73587 151.4577 150.79007 101.06824 49.543243 50.992584 73.89697 72.44763 पर
297.67896 376.85223 398.649 319.4757 56.499336 3.7799911 36.514038 89.23338 पत्र
93.93463 211.50937 212.05444 94.479706 568.83795 566.71954 596.9709 599.0893 साथ
365.5357 410.52905 410.88843 365.89508 301.20062 300.06573 314.31305 315.44794 कोई
338.7224 434.2845 452.838 357.27594 149.5905 89.85771 119.540146 179.27293 आता
264.46356 370.72894 371.1731 264.9077 568.4036 566.63947 593.39496 595.1591 गया
116.276184 150.21274 149.98691 116.050354 87.83588 88.53993 99.425476 98.72142 लगा
