368.0063 407.96863 408.2724 368.31006 308.5533 307.62253 320.6653 321.5961 तरह
370.38803 444.8654 445.06693 370.58957 328.08517 326.76572 338.14072 339.46017 भगवान
223.30017 268.90845 258.17462 212.56633 93.35858 145.66428 155.02368 102.71799 ठहर
302.30795 381.85233 422.23178 342.6874 31.937593 2.0337067 109.443085 139.34697 हुई
339.57278 417.5275 455.57162 377.6169 131.06201 101.75571 202.95303 232.25934 हुई
184.04185 228.11046 228.41158 184.34297 555.6783 554.5988 566.8918 567.97125 जब
234.58754 291.6621 292.10352 235.02895 554.44025 553.0422 571.0611 572.45917 कुछ
173.96242 213.99974 214.12032 174.083 581.526 581.12415 593.1354 593.53723 धन
223.07903 277.09076 277.2155 223.20378 581.0329 580.49066 592.9174 593.45966 जमा
233.42734 275.92078 263.14337 220.64993 71.7325 121.50371 132.41273 82.641525 घर
284.52283 313.39832 322.56403 293.68854 97.51945 78.34347 92.14536 111.32134 एक
250.53241 286.12927 274.72003 239.12315 65.87798 108.25712 117.84048 75.46134 इस
92.93631 176.13226 176.67654 93.48059 564.0541 562.3187 588.4121 590.14746 हाथ
