115.36342 189.35123 188.14348 114.15568 8.412327 11.250542 42.73459 39.896374 भर
244.74802 277.87988 267.47495 234.3431 74.075775 113.14992 121.97249 82.898346 राम
229.29575 265.30255 255.56189 219.55508 103.24165 144.45665 152.96642 111.75142 नाम
405.49734 447.3234 447.55246 405.7264 330.25797 329.59152 343.96585 344.6323 पर
219.65427 276.83167 277.2444 220.06699 543.2158 541.45044 554.81714 556.5825 उसके
211.46991 253.07617 253.34857 211.74231 561.5815 560.7137 573.77435 574.64215 सिर
258.5721 289.6467 289.82126 258.74667 564.5549 563.97296 573.2945 573.8764 पर
76.52299 122.89396 124.23719 77.86622 463.301 460.2592 480.736 483.7778 पर
100.008286 170.53183 169.76094 99.23739 48.18312 50.259193 76.44605 74.36998 अब
398.32562 441.07483 441.3224 398.57318 307.39822 306.35892 316.5413 317.5806 गया
95.20167 163.03867 163.38452 95.54752 574.206 573.1999 596.5186 597.5247 अछूत
364.82996 402.6081 402.83978 365.06165 324.10617 323.40115 335.81564 336.52066 यह
309.56244 373.82867 374.18695 309.92072 566.3042 565.1919 585.89246 587.00476 ओर
