177.76218 275.78333 276.2592 178.23804 569.21436 567.55237 595.6184 597.2804 करने
104.46538 182.65918 182.07063 103.87684 28.693169 31.334564 48.75743 46.116035 डाल
349.59653 440.3168 450.90244 360.18216 169.86221 112.69803 129.49756 186.66174 भगवान
215.69675 239.94211 240.70609 216.46072 9.677492 7.842003 17.93373 19.769218 दम
93.41022 170.50018 171.12354 94.03357 559.8291 558.0288 584.7207 586.521 उस
104.66325 186.96068 186.01384 103.716415 2.557129 5.813257 29.74421 26.488081 समय
246.00848 279.1743 266.385 233.21921 70.75056 109.98315 120.79473 81.56214 इस
235.19373 274.95166 256.8581 217.10016 91.16734 136.16025 152.1486 107.15571 दिन
265.89038 365.7033 366.1477 266.33478 569.0393 567.4177 594.7694 596.391 अमीर
302.38742 373.77493 389.91428 318.52676 57.568314 9.823959 33.95553 81.69988 साथ
316.62555 392.2318 414.55365 338.9474 101.31651 52.580826 87.209885 135.94557 जिस
