107.56752 166.65314 165.53746 106.451836 3.1073112 5.4393578 33.70667 31.374622 यह
103.416855 160.27118 159.52379 102.66946 62.246452 63.744514 92.1096 90.611534 वह
104.37056 160.15962 160.52177 104.73271 567.08026 566.02374 585.1458 586.20233 पर
171.72385 238.11624 238.5545 172.16211 565.8047 564.5471 587.6859 588.9435 वह
110.953064 179.6672 178.81049 110.09635 33.265335 35.520226 61.62697 59.372078 तक
359.5537 436.9511 437.52478 360.12738 302.09558 300.48193 327.99725 329.6109 कर
312.9913 403.99124 437.05905 346.0591 100.140686 42.151154 94.04271 152.03224 हर
246.8494 328.13724 328.6071 247.31924 565.4287 563.9352 589.5065 591.0 ऐसा
208.89172 254.40182 246.8498 201.33969 76.83429 129.02744 135.61249 83.41934 उसका
183.53824 238.79828 239.12747 183.86743 551.9978 550.5298 562.92114 564.38916 साथ
