186.30063 300.1506 301.46652 187.61655 549.3689 546.1808 593.17346 596.3616 रही
393.48456 438.2591 438.62048 393.84595 300.61072 299.48462 313.8531 314.9792 मन
393.7323 438.3623 438.6645 394.0345 327.92633 327.26227 347.57025 348.2343 चुप
307.84152 402.28256 435.3705 340.92947 66.67292 5.219536 56.068825 117.52221 भूल
101.24793 143.09256 143.40384 101.5592 556.49286 555.4379 567.784 568.8389 सब
89.86958 156.2249 156.4086 90.05328 581.184 580.47125 597.571 598.28375 मनुष्य
359.80475 397.54437 397.85028 360.11066 313.09863 312.2843 326.46185 327.27618 और
349.95737 392.77634 406.20486 363.3859 156.77853 130.05676 151.5747 178.29648 और
360.29794 430.71518 440.0599 369.64267 196.65749 153.64543 168.94414 211.95619 समाज
272.73752 352.2762 352.6829 273.1442 568.26624 566.9458 591.4431 592.76355 पर
