360.6739 402.646 415.70667 373.73456 272.25284 261.98013 315.3433 325.616 बात
384.20514 470.33838 485.9828 399.84955 223.36328 173.17029 200.01678 250.20978 लक्षण
140.8792 206.82378 205.59895 139.65437 247.35144 249.72742 283.72217 281.3462 ऊपर
523.4258 575.2466 574.8832 523.0624 72.71458 73.377754 101.770485 101.10731 डर
519.3067 578.95905 578.2165 518.56415 106.37309 107.49269 147.05568 145.93608 उसे
60.52314 103.68004 103.60461 60.447712 242.37808 242.49509 270.31424 270.19724 यह
347.76376 431.28452 449.48843 365.96768 144.22371 95.70528 127.041916 175.56035 समझता
220.57347 255.924 255.08437 219.73384 245.91632 247.17987 270.67084 269.4073 बीच
116.03238 253.164 255.14224 118.01062 144.01898 140.75995 223.99881 227.25784 इसके
229.58746 288.2326 296.13367 237.48853 304.62006 295.06482 343.5572 353.11243 साथ
420.36282 470.9987 470.86234 420.22647 12.482292 12.727001 40.946968 40.70226 भूख
285.7747 330.98758 331.52676 286.31387 219.54224 218.69177 247.35645 248.20691 पर
