221.60971 272.66174 257.58594 206.5339 77.152695 136.23209 149.25948 90.180084 लग
370.74408 424.82153 425.06665 370.9892 328.55774 327.66663 342.54004 343.43115 अब
173.36139 296.14658 297.47705 174.69186 549.09625 545.6141 592.5275 596.0097 सिर
363.79794 425.8983 448.42508 386.32474 73.74247 33.78556 68.79635 108.75326 हुए
121.20671 199.03647 197.80772 119.977974 5.3814964 8.423347 39.861954 36.820103 रात
248.01752 284.4104 268.31775 231.92485 70.621925 113.73957 127.32238 84.204735 हुए
359.53857 438.99652 439.5728 360.11487 300.923 299.223 326.15994 327.85995 वह
99.28621 186.447 186.81233 99.651535 566.3334 564.6393 583.43494 585.129 शायद
353.98044 412.78214 421.6395 362.8378 141.95467 104.787476 118.80058 155.96777 आकर
361.58157 392.90768 405.70993 374.38382 169.051 149.70386 170.43271 189.77985 घेर
107.61626 168.38724 167.42348 106.65249 38.601936 40.522865 71.0132 69.09227 वह
