152.72414 208.221 208.38625 152.88939 581.6162 581.0552 597.40015 597.9612 बज
224.99817 283.82327 284.19846 225.37335 572.53845 571.6743 597.21277 598.0769 गये
297.49097 350.9746 351.15277 297.66913 580.1528 579.6121 597.23676 597.7774 पर
234.48479 266.83643 255.81163 223.45999 117.38457 154.22054 163.90318 127.067215 वह
382.26312 410.44244 410.7143 382.53497 303.63797 302.921 313.605 314.322 घर
382.38882 416.5798 416.85202 382.66104 320.5305 319.87747 334.1293 334.78232 घुस
382.52057 434.92505 435.148 382.74353 333.25418 332.47067 347.384 348.1675 करके
99.39141 155.58951 156.0651 99.867 554.4766 552.9915 570.98773 572.47284 इधर
88.80106 146.0188 146.17014 88.9524 582.4995 581.9292 597.1116 597.6819 उधर
105.88959 200.51874 199.27075 104.6416 2.6056557 6.3496895 37.892128 34.148094 सकते
237.22763 277.34464 263.77274 223.65573 88.59238 135.21338 146.89189 100.2709 फिर
210.23793 273.96948 274.46558 210.73402 547.4023 545.57184 562.8449 564.67535 हाय
121.655655 162.73119 162.16493 121.0894 64.0311 65.10149 86.83093 85.760544 तूल
