317.26688 351.58145 360.77902 326.46445 89.06958 66.446976 80.39807 103.020676 कहा
328.62265 357.88974 366.8513 337.5842 118.68818 99.77814 113.647896 132.55794 एक
361.28677 396.499 408.32718 373.11496 91.29431 68.54297 86.84947 109.600815 दिन
404.50247 431.32327 440.51785 413.69705 69.149445 51.820023 66.050446 83.37987 वह
341.4766 393.2491 402.06906 350.29654 146.71898 113.935074 127.86354 160.64745 आएगा
124.24501 173.6877 174.06401 124.62132 564.6252 563.62897 582.3056 583.3018 और
392.28094 428.53772 439.31195 403.05518 156.13223 133.75906 151.21924 173.5924 और
186.12831 240.39726 240.69127 186.42232 572.1012 571.2733 590.54517 591.37305 यह
252.62096 341.97986 342.23877 252.87987 571.08685 569.7236 586.6934 588.0567 उठता
307.13867 373.53418 388.78046 322.38495 50.58854 6.0446014 28.77015 73.31409 आपको
