120.084656 177.29901 178.29407 121.07971 156.01735 154.70116 197.95583 199.27202 रह
210.69827 291.6597 292.9805 212.01907 137.46971 135.52382 190.47725 192.42314 गयी
334.34976 390.18008 411.47708 355.64676 110.21457 77.82178 114.528076 146.92087 इस
365.52853 424.21133 442.36588 383.68307 163.81616 129.68182 160.89261 195.02695 उस
396.46024 449.8159 471.4802 418.12454 217.05524 185.96783 223.15045 254.23785 वह
289.07462 360.73447 368.52945 296.8696 311.20282 299.43713 346.9129 358.6786 आधार
372.76797 402.0399 414.21237 384.94046 297.79706 290.51074 339.41223 346.69855 पर
557.37585 588.59265 589.3992 558.1824 194.57272 191.8819 201.23804 203.92886 करण
236.57655 275.649 299.19543 260.123 294.19125 281.81247 356.13443 368.5132 वह
403.22174 435.31586 447.50372 415.4096 279.32153 271.9937 325.37384 332.70166 उसे
7.2212715 55.389374 55.44015 7.272049 7.8946633 7.721369 21.83542 22.008715 वह
