200.99527 230.0523 222.42874 193.3717 62.004196 95.44856 102.07204 68.62767 कर
359.66565 427.78857 428.30035 360.17743 309.18872 307.91736 335.34045 336.61182 एक
209.66602 270.24564 270.6886 210.10898 546.89984 545.14264 560.414 562.1712 लगती
201.68155 233.92914 234.12823 201.88065 568.4265 567.8729 579.4695 580.0231 वह
194.36436 221.52138 221.54543 194.38841 581.73224 581.6877 596.3172 596.36176 भी
226.3511 281.92682 282.01114 226.43542 585.48004 585.0588 596.18427 596.6055 अटक
350.2371 388.50674 399.18552 360.91586 125.04171 100.644 117.39446 141.79218 और
357.5993 388.19568 398.22485 367.62848 146.75284 127.51901 143.47305 162.70688 गेट
262.63968 285.97498 278.91245 255.57713 82.97599 110.71024 116.65258 88.91833 महतो
258.2321 275.0351 267.55618 250.75316 93.780334 113.549255 119.90613 100.13721 भाई
93.31027 161.26768 161.62262 93.66521 557.41766 555.7337 570.05756 571.7415 आता
389.59106 445.2823 445.46423 389.773 335.27148 334.42468 346.39227 347.23907 आया
143.45514 200.19757 200.4739 143.73148 575.3344 574.5529 594.6182 595.3997 हाल
