105.78386 189.67896 188.25865 104.363556 2.6014671 5.920807 41.81845 38.49911 बल
397.815 441.58813 441.8557 398.08258 308.8131 307.784 319.16443 320.19354 सता
398.0111 432.46393 432.66614 398.21332 331.52377 330.96732 343.48776 344.04422 रहा
225.7595 264.8974 251.28789 212.14998 83.86035 129.09775 140.87227 95.63488 पर
106.15051 176.33997 175.63895 105.44949 42.914505 45.06543 67.941025 65.7901 साफ
310.73566 367.7821 387.03455 329.9881 59.203735 21.33995 50.3461 88.209885 इसी
327.9875 406.70856 424.97308 346.252 103.28474 52.55217 80.89297 131.62553 केवल
105.75336 159.44153 159.02051 105.33234 72.34229 73.63769 91.08715 89.791756 समय
358.39362 434.7226 449.55865 373.22968 227.17294 181.68713 206.58331 252.06912 आदत
231.36603 274.2788 265.25885 222.34607 68.354675 118.64734 126.343704 76.05104 आता
