341.5642 409.84076 429.61072 361.33417 277.59332 261.15552 343.27264 359.71045 औरत
67.90914 114.4867 114.51237 67.93481 234.08432 234.05038 269.29846 269.3324 और
82.076416 145.0427 145.05368 82.0874 2.01515 1.9398041 11.114836 11.190182 पालन
472.55023 583.27 571.73724 461.01743 -3.4895172 7.104088 127.64027 117.04666 रहे
193.13104 287.2917 289.3752 195.21457 120.756966 118.392746 201.37454 203.73875 गैर
281.84448 336.00488 343.54272 289.38232 289.36374 280.57852 327.04886 335.83408 आप
93.49959 166.47914 167.7306 94.75105 149.58125 147.86998 201.23994 202.95122 पर
456.0063 473.03857 473.40118 456.3689 148.77539 148.1272 157.65524 158.30344 पर
4.934328 61.941437 61.993507 4.9863987 18.631643 18.3231 27.943521 28.252066 अगर
28.827148 67.71663 68.27391 29.38443 173.70103 172.84477 198.15565 199.01192 वह
