416.7068 556.5386 555.92 416.08823 5.8098907 7.0961304 74.33783 73.05159 करने
176.54118 207.12105 206.35783 175.77797 268.91263 270.01877 291.11844 290.0123 वह
372.54138 446.49268 476.6482 402.6969 200.98386 157.89648 209.65268 252.74005 और
181.43338 246.13654 246.93271 182.22955 137.16394 135.60474 168.64352 170.20273 इन
182.5994 279.0232 279.9395 183.51572 177.44135 175.36136 217.8396 219.91959 सभी
512.17365 555.472 554.86847 511.57013 110.893814 111.69359 144.36842 143.56865 हुए
143.49245 177.89983 175.72289 141.3155 239.40137 241.18457 283.18927 281.40607 पैर
21.409874 61.28087 61.326134 21.45514 16.189817 16.010904 26.098368 26.27728 राम
21.38605 61.39721 61.55902 21.547861 36.828606 36.188347 46.300133 46.94039 राम
340.39914 412.63937 426.61374 354.3735 138.69695 96.74361 120.80629 162.75963 कारण
115.5975 172.18665 172.67963 116.090485 180.66258 179.4482 202.42061 203.635 खबर
284.42786 344.80328 344.4718 284.09637 5.5104065 5.9204826 54.722904 54.312828 भई
