48.510727 118.45526 117.175 47.230465 79.90021 82.54361 116.419464 113.77606 रुप
91.873886 135.11919 135.16754 91.92224 4.354404 4.2583675 26.035442 26.13148 यह
89.76026 179.95914 180.10834 89.90946 37.038746 36.421307 58.219196 58.836636 कहकर
195.23941 245.99661 246.16199 195.40479 36.31672 35.96927 60.126503 60.473953 एक
472.12427 567.0637 566.59546 471.656 59.8416 60.24144 171.42941 171.02957 खत्म
165.1215 216.8878 216.93462 165.16832 6.8851233 6.7502193 24.709946 24.844849 दया
388.40588 437.67285 437.21387 387.9469 167.70409 168.37352 202.152 201.48256 केवल
448.52597 481.8679 481.543 448.20108 179.28711 179.73749 203.7875 203.33713 शब्द
67.42049 107.08447 107.35933 67.69534 182.74915 182.2579 204.4508 204.94205 पर
12.879372 68.167 67.102455 11.814829 116.41208 118.263916 150.04639 148.19455 खुद
3.5957718 86.998726 87.11914 3.7161865 10.980458 10.720264 49.318024 49.578217 करो
422.5934 492.09207 491.84824 422.34958 209.61221 210.40161 231.86755 231.07816 सहास
424.76947 477.58472 477.40826 424.59302 247.80045 248.24881 269.0306 268.58224 काम
426.876 492.24728 492.1323 426.76102 284.76767 285.14102 305.27054 304.8972 करना
