220.68814 290.44473 296.5021 226.74551 166.52188 156.17035 196.98953 207.34106 भर
399.42792 457.0315 459.56488 401.9613 109.37224 107.03575 169.49324 171.82973 एक
481.94476 556.8719 555.9887 481.06158 111.07512 112.31343 165.75337 164.51506 उच्च
406.36807 483.64938 483.22562 405.9443 217.63605 218.30145 267.51657 266.85117 स्तर
411.5036 462.32074 465.08234 414.2652 297.74857 295.63437 362.01334 364.12753 की
485.8888 560.63403 560.5519 485.80667 317.09064 317.22723 362.17706 362.04047 परत
67.25361 106.92266 107.19184 67.52279 179.42245 178.94128 201.13284 201.61401 मर
19.173203 118.5654 116.77191 17.379715 72.51973 76.34685 122.924866 119.09775 तरह
243.2372 274.69702 278.50244 247.04262 210.84796 206.17484 231.79303 236.46616 अरे
482.0956 532.8594 533.5055 482.74173 167.94238 167.4401 232.74243 233.24472 उसे
487.2898 595.15076 594.8025 486.94156 271.8445 272.73758 314.79678 313.90372 अभ्यास
75.60906 110.91024 111.01092 75.70974 164.92416 164.56787 174.54327 174.89957 साल
