65.65504 205.15482 205.30154 65.801765 6.233746 5.8881226 65.112076 65.4577 रूप
38.364426 96.385864 95.23764 37.2162 76.511696 78.72433 108.83402 106.62139 कुछ
113.59233 157.44308 156.39989 112.54913 79.38049 81.052734 108.40825 106.73601 इस
218.39926 289.40366 296.31497 225.31058 159.7033 149.18248 195.82664 206.34746 और
445.02286 519.0226 520.60913 446.6094 185.5569 184.38849 284.87115 286.03958 कई
450.3924 585.3548 585.01447 450.05206 299.8988 300.7226 356.47546 355.65167 सरकार
214.89601 252.08162 252.24367 215.05806 23.695738 23.508083 55.621445 55.8091 हुई
14.178772 81.83271 80.772995 13.119057 104.557846 106.91528 137.32707 134.96964 करने
7.870598 63.43448 62.434273 6.870392 135.56941 137.3087 169.26173 167.52245 और
1.9941921 55.835533 55.923508 2.0821667 10.066622 9.905571 39.316635 39.477684 और
376.97824 423.10373 425.90048 379.775 180.5233 177.9398 227.873 230.4565 यह
385.04617 442.73447 442.50095 384.81265 260.94302 261.2977 299.27847 298.9238 बात
