222.43068 287.52063 292.8855 227.79553 162.68503 153.0285 189.19028 198.8468 कर
4.6931763 81.79425 80.49934 3.398262 112.33295 114.9487 153.11722 150.50146 पर
99.471085 165.72093 165.77925 99.5294 4.881254 4.7290287 30.109549 30.261774 सबसे
182.18675 241.68153 241.7433 182.24852 4.6911917 4.554487 31.42968 31.566385 पहले
98.53351 187.61899 187.79358 98.7081 38.97406 38.339058 62.832848 63.46785 आपको
203.89545 241.53726 241.69763 204.05582 45.37132 45.0643 64.72612 65.03314 यह
240.17668 280.89148 285.0431 244.3283 206.5389 200.49144 228.44255 234.49 लोग
67.03108 101.37874 101.582 67.234344 174.98715 174.59384 192.34485 192.73816 पर
401.95822 427.38046 429.38297 403.96072 128.57335 127.2238 164.94612 166.29567 पैक
404.99115 418.70264 420.75684 407.04535 176.28456 175.49205 211.03197 211.82448 ने
428.4639 457.83066 457.49515 428.1284 185.1002 185.47878 211.50554 211.12697 उस
466.92148 504.8317 504.49716 466.58694 185.6726 186.16132 212.11145 211.62274 समय
5.5860863 82.44333 82.52397 5.6667366 12.811049 12.551537 36.435986 36.6955 आदमी
442.39575 567.0233 566.4172 441.78964 212.33926 212.89615 348.5439 347.98703 आते
