438.16742 500.99042 502.81927 439.99628 68.53042 67.13074 149.21692 150.61661 बढ़
443.78583 522.29443 521.70526 443.19666 186.79936 187.61964 244.01021 243.18993 गया
450.80353 516.10596 515.9705 450.66812 293.40427 293.5729 345.99875 345.8301 अब
539.7413 594.9578 594.571 539.35443 294.94278 295.30325 354.56216 354.2017 वह
113.689316 193.99107 194.16151 113.85976 31.44517 30.95739 59.016464 59.504242 अभागिन
7.857033 71.19188 69.84402 6.509171 74.59477 77.01546 112.28105 109.86037 नए
12.497665 75.81204 75.940216 12.625839 30.224052 29.855728 51.88881 52.257133 जाग
234.28735 290.01373 294.16602 238.43964 184.77586 176.5045 204.47935 212.75072 अब
110.35861 167.36218 166.16519 109.16162 76.030815 78.225746 109.312416 107.117485 एक
332.7801 381.72382 381.66412 332.7204 322.58923 322.67664 356.08606 355.99866 गया
83.07027 138.46301 138.54433 83.15158 16.183424 15.96793 36.868492 37.08399 अति
216.88692 264.66534 269.68408 221.90562 150.3832 143.29832 177.14314 184.22801 उसे
17.893997 92.69395 91.32517 16.525225 115.31323 117.82941 158.51999 156.00381 वह
