222.17877 277.92593 282.07385 226.32669 182.99544 174.7292 202.70262 210.96886 गया
167.81924 219.1843 219.25009 167.88504 4.185751 4.071682 33.695816 33.809887 वैध
424.37048 473.44904 473.06036 423.9818 204.4665 204.98607 241.70241 241.18285 बहुत
484.60266 529.76056 529.441 484.28308 205.27342 205.77937 234.30238 233.79643 जल्द
426.74683 458.44653 458.2185 426.5188 246.8215 247.074 275.6959 275.4434 वह
429.09894 492.1529 491.97577 428.9218 277.02255 277.3552 310.92813 310.5955 अपनी
65.56622 107.95781 108.2587 65.86711 171.67363 171.17381 196.6939 197.19371 और
10.190947 66.01337 66.08867 10.266249 8.206595 8.053955 35.59369 35.74633 हुआ
540.4743 596.16095 595.75006 540.0634 299.1233 299.46893 365.67365 365.328 पर
15.569679 95.90338 93.8527 13.518993 95.013214 97.900024 154.9661 152.07928 वर्ष
221.29681 286.26898 290.076 225.10382 155.69438 146.06062 171.73582 181.36958 तरह
60.2597 165.70828 165.88567 60.437084 16.272163 15.861931 61.45603 61.866264 मन
426.91772 556.58545 554.2776 424.60983 3.8962555 6.470314 122.72756 120.1535 समय
