10.697689 61.433125 69.8927 19.15726 137.07507 118.26907 141.09161 159.89761 करते
86.586395 197.28574 197.88028 87.18094 198.49905 197.80588 292.75363 293.4468 और
85.00183 200.74966 201.06354 85.315704 336.26996 335.8576 423.9582 424.37054 हिल
8.031063 26.768661 26.949131 8.211533 53.277527 53.053787 68.16796 68.3917 और
7.7481537 92.49947 103.29716 18.545837 104.61226 72.036026 100.12761 132.70384 आज
526.9834 563.3501 534.845 498.4783 26.255386 44.153275 102.07271 84.17482 नाम
286.53003 356.59222 356.7552 286.693 279.0362 278.6447 307.8141 308.20557 बनाए
283.091 342.69855 342.79944 283.1919 338.37567 338.20947 374.40338 374.56958 बहुत
280.6768 393.5471 393.56784 280.69754 395.76547 395.6758 421.76004 421.8497 आवश्यक
419.99545 441.08237 437.17233 416.08542 381.76077 383.69754 426.2686 424.33182 है
