237.08212 271.39142 288.82327 254.51396 314.95682 303.87357 357.83554 368.9188 एक
279.38324 318.56927 340.05316 300.86713 287.4238 275.96487 349.43332 360.89224 ऐसी
137.32663 169.35648 169.73743 137.70758 153.6003 152.85939 169.3283 170.0692 हाथ
181.82724 210.41312 210.76562 182.17975 152.57094 151.90971 167.14857 167.8098 रख
222.92004 251.7297 252.08313 223.27347 151.62038 150.95396 166.23225 166.89867 कर
138.75919 164.78873 165.11804 139.0885 178.8951 178.33443 193.62343 194.1841 सर
140.20074 172.59918 172.98294 140.5845 204.34871 203.70277 222.95036 223.5963 एक
185.93369 217.48325 217.92761 186.37805 197.0328 196.39111 218.23953 218.88123 ओर
332.02557 381.66937 400.5432 350.8994 107.9088 79.10855 111.64186 140.44211 और
360.42517 418.10797 433.26562 375.58282 156.72699 123.17056 149.22629 182.78271 शहर
377.75958 427.11194 445.83374 396.48138 186.5355 157.81557 189.9871 218.70705 और
56.31942 111.16987 111.07235 56.2219 239.08478 239.3237 261.7108 261.47186 बात
561.7009 586.60474 587.79675 562.89294 195.12138 193.00154 207.00468 209.12453 ऐसा
431.5537 588.65 588.28723 431.1909 12.8144455 13.99968 62.088623 60.90339 बनाकर
351.41055 377.2867 388.55936 362.6832 296.23257 289.44376 332.41025 339.19907 पर
390.1408 431.0479 445.92664 405.01953 276.36356 266.95444 331.6412 341.05032 कोई
282.62784 334.14914 334.754 283.2327 210.54558 209.54738 240.76622 241.76442 हम
396.25558 461.8934 484.1528 418.51498 220.50262 182.25534 220.45572 258.703 रहा
28.01392 102.33696 103.183945 28.860905 182.54207 180.94713 220.41643 222.01137 करने
