5.3923187 68.21687 66.71532 3.8907616 72.49126 74.90675 113.960556 111.54506 और
77.97248 127.64161 126.57194 76.90281 86.50377 88.34972 117.13165 115.285706 वह
220.49915 291.5069 298.59058 227.58282 165.3571 154.83385 202.63225 213.1555 और
450.13165 517.2106 517.13416 450.05524 298.5625 298.6405 364.41278 364.33478 वह
111.06676 223.40477 223.5494 111.21138 5.2164984 4.9525986 66.513824 66.777725 और
9.046249 87.048836 86.31353 8.310941 128.98578 131.48602 154.42615 151.9259 शायद
67.25359 102.96917 103.208046 67.49247 179.42244 178.99529 198.96727 199.39442 पर
428.90518 468.73514 468.26462 428.43466 104.1445 104.90953 129.40494 128.63991 तरफ
479.45728 534.5908 533.9528 478.81927 97.341034 98.39534 131.76007 130.70576 देखकर
431.9882 482.54398 482.04623 431.49045 150.1296 150.88942 184.0092 183.24937 अनुतप्त
493.0844 534.78973 534.4196 492.7143 151.20285 151.86008 175.34683 174.6896 कण्ठ
2.6494331 54.164165 54.234745 2.7200127 6.3898454 6.2622147 34.749184 34.876816 और
69.04479 112.55364 112.63242 69.12357 15.327658 15.163982 36.105606 36.269283 एक
509.0957 539.89514 539.6222 508.82275 209.71161 210.05667 234.41644 234.07138 कर
554.70874 597.68506 597.1714 554.19507 197.97856 198.58168 235.18129 234.57817 कमरे
31.208597 79.42173 79.5494 31.336267 43.849304 43.4759 59.960915 60.33432 गया
