49.213943 191.2279 191.35661 49.34265 5.361802 5.0281906 59.819595 60.153206 सकते
32.08281 96.71683 95.057785 30.423765 80.53303 82.9665 127.031334 124.59786 हाई
424.51385 477.25177 476.84863 424.11072 211.08038 211.59268 253.08963 252.57733 तरह
218.56775 290.7154 297.81183 225.66418 168.02896 157.31982 205.12854 215.83768 इस
113.96739 160.79507 159.67 112.84232 83.61599 85.37905 115.2615 113.498436 इन
443.63638 492.76505 495.30978 446.18112 106.02727 104.75136 202.73485 204.01076 हुई
65.73308 107.956085 108.202866 65.97986 175.00027 174.50601 195.58813 196.0824 उस
199.99174 240.8817 240.96513 200.07518 15.72856 15.569489 37.018463 37.177536 वह
43.32257 95.97235 95.11743 42.46765 130.08447 131.77206 158.44406 156.75647 एक
502.8548 597.67126 596.08295 501.2665 212.0903 213.31259 336.52133 335.29904 दिन
