228.70523 292.4504 295.9105 232.16531 186.79558 177.3351 200.64915 210.10963 काश
34.57952 101.34529 100.48574 33.71997 76.868286 79.41058 101.984055 99.44176 साथ
126.73863 195.58861 195.64073 126.79076 4.276979 4.1240807 27.59993 27.752829 आज
429.0925 474.03214 476.02048 431.08084 197.67484 196.10654 253.0816 254.6499 और
491.35065 536.8122 537.2392 491.77765 216.03479 215.6524 266.42255 266.80493 खुद
429.836 532.2562 531.9919 429.5717 260.5587 261.09756 311.32675 310.78787 घसीटकर
435.60223 498.24945 498.2005 435.55328 318.35175 318.4159 366.18195 366.1178 अपनी
513.6945 579.06244 578.9411 513.5732 332.62268 332.85883 366.4319 366.19574 कछार
21.349556 101.003395 99.37635 19.722511 106.576126 109.33571 156.29936 153.53978 और
12.738323 60.1542 60.198475 12.782597 5.0805473 4.971596 24.239653 24.348604 उस
11.713806 82.677956 82.815414 11.851265 39.592903 39.087074 58.37111 58.876938 समय
419.3302 484.1277 486.27356 421.47607 72.47653 70.59198 144.37561 146.26016 उनके
93.362434 231.48291 231.69244 93.57197 31.568638 30.729652 65.226105 66.065094 घबराकर
450.96143 502.41968 501.19775 449.7395 4.587631 5.8743362 54.741707 53.455 इसके
511.7588 571.7739 570.7103 510.6952 6.335869 7.868923 49.505096 47.972042 प्रवर्तक
