6.52623 101.80768 100.28865 5.0071983 90.90373 94.36859 136.14113 132.67627 अपने
67.95338 210.56976 210.70883 68.092445 5.3177786 4.9827576 64.18643 64.521454 कर
499.1181 553.0601 552.52216 498.58014 157.54405 158.30797 196.2939 195.52998 ज्वर
67.03109 107.95612 108.20287 67.27784 174.98715 174.50812 195.58817 196.0672 घर
11.018023 50.442055 50.484253 11.060225 6.919672 6.81896 23.33856 23.439272 कह
9.589127 66.117935 66.220406 9.691597 24.915438 24.628716 44.83145 45.11817 सकते
413.04794 477.49838 476.69473 412.2443 109.8775 110.97342 158.23456 157.13864 साथ
227.92857 293.9776 297.43762 231.3886 189.29442 179.49126 202.80339 212.60655 काम
193.60884 240.90218 241.02934 193.73601 33.643715 33.33821 53.024567 53.33007 गयी
407.34357 534.30835 535.6664 408.7016 202.57745 201.3811 345.5042 346.70056 लिए
