70.92361 107.74857 107.92373 71.09876 174.9479 174.53247 190.05963 190.47507 याद
504.174 561.57965 561.0313 503.62567 185.59901 186.2386 235.45653 234.81694 कर
506.0963 562.801 562.58203 505.87735 272.77795 273.01996 324.3233 324.0813 रहा
226.06226 291.2492 297.9989 232.81195 170.4962 160.8199 206.29106 215.96736 ओर
8.174747 63.253605 62.317135 7.2382784 84.16147 86.206894 111.42412 109.37869 जब
86.725235 150.8242 149.84608 85.747116 85.83133 88.22087 114.45885 112.069305 आप
374.0308 409.03732 411.6215 376.61496 85.00949 82.9252 126.32767 128.41196 और
424.55173 496.52725 495.76688 423.79135 87.28502 88.67842 127.95665 126.56325 संघर्षरत
377.69208 438.3153 437.7874 377.16418 144.16121 145.08998 179.54506 178.61629 संगठन
452.74298 473.38507 474.26898 453.6269 155.24417 154.5307 180.10397 180.81744 था
488.4301 522.22925 522.78973 488.9906 141.80856 141.3292 180.84735 181.32672 और
537.73175 579.2492 578.8759 537.35846 156.70618 157.34225 181.70663 181.07056 अगर
382.93567 422.33234 422.06177 382.6651 205.78065 206.23183 229.8585 229.40733 आज
435.22308 460.3728 461.5119 436.36218 206.4737 205.44666 233.33966 234.3667 हम
