138.09665 230.39883 230.5474 138.24521 13.265025 12.941505 55.32635 55.64987 रहा
433.4375 586.0272 584.01025 431.4205 132.47858 134.33368 300.23944 298.38434 अनेक
65.844315 100.23714 100.45795 66.065125 177.21806 176.81548 195.67879 196.08138 पर
222.03177 288.22736 293.07272 226.87714 167.51556 157.69461 190.35345 200.17441 वह
25.211464 94.928246 94.99087 25.274086 8.165526 7.9748917 30.875336 31.065971 डाल
399.5178 436.5485 436.50668 399.47598 329.41867 329.46426 363.41812 363.37253 उसे
447.90323 484.01144 483.98227 447.87405 339.76828 339.81277 363.4766 363.4321 जब
496.18488 578.93536 578.8123 496.06183 330.71283 331.02356 363.79962 363.4889 अफसोस
48.57605 98.49376 97.69676 47.77905 83.407295 85.27386 106.58808 104.72152 बन्द
39.48256 105.25595 104.2744 38.501007 115.53409 117.7504 146.87991 144.6636 करके
409.7289 458.0223 460.90097 412.60757 23.969618 22.09517 96.26077 98.13522 की
482.55206 560.7875 559.7122 481.47684 47.253136 48.954018 98.409004 96.70812 मगर
108.40576 167.36218 166.0206 107.06418 75.95561 78.22575 113.06711 110.79697 लिए
