228.00394 248.54068 261.89877 241.36203 314.5707 307.66245 347.37302 354.28128 और
263.23947 283.71225 292.78024 272.30746 320.3375 313.82773 342.34586 348.85562 अब
291.8364 321.08536 332.2432 302.99423 306.66327 298.04663 335.9217 344.53833 अपनी
330.42004 361.49243 373.36316 342.29077 298.2198 289.7967 333.58722 342.0103 सफाई
447.14124 588.77026 587.9404 446.3114 11.293388 12.851219 88.29669 86.73886 अब
335.53345 376.872 393.29297 351.9544 124.413284 100.418106 128.70793 152.70311 भेज
364.0993 406.30792 419.01843 376.8098 176.08914 151.53964 173.39319 197.94269 बाद
385.0764 439.4888 455.76633 401.3539 209.53015 177.84021 205.78915 237.4791 अपने
367.47693 419.3631 433.36627 381.4801 294.11945 281.75708 340.5299 352.89227 गया
539.38776 585.9124 585.4738 538.94916 120.33156 121.19093 144.93376 144.07439 वह
