222.05278 259.24066 262.0091 224.82118 160.355 154.84135 173.51344 179.02708 जब
397.70102 494.09805 496.93893 400.5419 27.241585 24.867645 140.22482 142.59875 लघु
411.10114 525.83044 525.2311 410.50177 197.42438 198.40875 268.26804 267.28366 अन्य
65.73308 109.24602 109.4928 65.97986 175.00027 174.49094 195.57306 196.0824 कर
156.11589 225.45186 225.65205 156.31609 24.891693 24.532883 63.21852 63.57733 पर
239.46931 285.94977 289.92877 243.44832 187.58276 180.68326 207.48898 214.38849 इस
421.0411 476.55917 476.39444 420.87637 268.94443 269.30698 294.5292 294.16666 ईमानदार
423.1645 458.65082 458.54108 423.05475 293.7978 293.96857 316.7718 316.601 औरत
466.94147 482.84253 483.53986 467.6388 294.0849 293.56793 315.01788 315.53485 थी
424.59534 450.375 450.3083 424.52863 318.11234 318.18942 340.51114 340.43405 और
458.83398 483.39172 483.33917 458.78143 324.81232 324.87885 344.27094 344.2044 कुछ
45.63272 120.86469 119.09042 43.85845 86.05388 88.843414 136.69429 133.90475 गये
64.055954 156.35818 156.49124 64.18901 8.970134 8.705891 55.1807 55.444942 यह
