0.7320938 67.6421 66.42422 -0.4857869 84.38899 86.869965 119.715225 117.23425 एक
26.830116 97.023506 97.18653 26.993141 28.308645 27.918346 57.237953 57.628254 करते
369.9525 461.73047 460.9945 369.21655 135.2469 136.6085 186.21425 184.85265 बढ़ता
374.31018 423.9496 427.73383 378.09442 191.88087 189.1052 256.78094 259.5566 पेड़
379.7726 463.52872 463.2722 379.51608 262.8745 263.28613 315.4809 315.06927 चलते
484.65216 569.9829 569.7751 484.44437 280.3626 280.86597 316.08704 315.58368 अपना
115.142944 185.79236 185.94305 115.29364 24.19914 23.84261 53.702057 54.05859 पर
508.99622 583.49915 582.4413 507.93835 20.698425 21.489761 121.08998 120.298645 देश
74.18526 108.44353 108.64957 74.3913 188.22197 187.79768 204.43486 204.85915 कुछ
461.3683 532.1869 531.1708 460.3522 115.109955 116.18234 183.28214 182.20975 महतो
468.10983 514.85657 515.9397 469.19302 219.42046 218.58838 279.4431 280.27518 भाई
