105.54075 214.80066 214.95105 105.69114 6.134924 5.8642197 66.56823 66.838936 एक
216.61624 298.86557 302.6722 220.42288 177.8589 165.65532 191.31105 203.51463 अलग
8.267357 115.66157 113.90242 6.5082083 79.63637 83.67976 130.40358 126.36018 कहने
451.1883 591.40125 589.23834 449.02536 147.00021 149.02777 298.60318 296.57562 सार्थक
65.67746 105.403336 105.67807 65.952194 173.89137 173.42299 196.72435 197.19273 हर
4.5436115 51.424805 51.48671 4.6055126 5.2830577 5.1741295 31.815071 31.924 मुझ
68.03609 101.41377 101.456085 68.0784 5.1355352 5.0579834 23.266357 23.34391 पर
2.8587017 59.415604 59.545258 2.9883556 39.104454 38.705673 57.09382 57.4926 तरस
451.44324 513.6426 512.4364 450.2371 51.62432 52.91004 111.25927 109.97355 एक
535.3375 594.99536 593.922 534.26416 33.786743 34.695282 105.17755 104.26901 दिन
538.8551 598.48804 598.30725 538.6743 281.1609 281.61365 305.42303 304.97028 लगभग
539.20795 579.9476 579.85785 539.1182 326.62982 326.79608 348.76526 348.599 साल
