51.48979 189.77661 189.93082 51.643997 11.743542 11.294369 58.767445 59.216618 आह
65.73308 106.58345 106.80104 65.95067 175.00026 174.52904 193.39156 193.86278 रख
246.86598 292.18054 295.81384 250.49928 160.25679 153.53627 178.03465 184.75517 टल
34.800507 97.855934 80.17795 17.12252 75.025345 89.236435 167.6747 153.46361 रहे
395.72784 454.6632 457.85492 398.91956 160.95424 158.45445 233.70204 236.20183 लिए
402.75775 448.09644 447.87738 402.5387 265.83942 266.1023 303.87878 303.6159 वह
433.0641 495.11816 494.1869 432.1328 20.52396 22.050037 59.91901 58.392933 ईमानदार
436.11166 476.87997 476.17532 435.407 68.481445 69.34941 102.44806 101.58009 औरत
487.94034 505.34872 506.0184 488.61002 70.868355 70.51046 103.08344 103.44134 थी
438.3966 465.76587 467.00586 439.6366 115.75807 114.74217 148.14882 149.16472 और
477.37708 504.49512 505.16846 478.0504 127.60063 127.020645 158.50453 159.08452 कुछ
188.22484 236.54488 236.66518 188.34514 35.469303 35.14475 53.055584 53.38014 चार
486.65463 520.6245 521.1998 487.22995 298.78928 298.24997 334.48978 335.02908 सिर
