228.80278 269.7025 275.41382 234.51408 151.00249 144.9363 183.44322 189.50941 गई
238.04633 285.63483 289.26733 241.67883 208.04597 200.9781 225.43614 232.50401 बार
73.046364 189.9367 190.06699 73.17664 8.944394 8.609756 54.1151 54.449738 अपने
5.284935 124.852135 122.37061 2.8034132 71.984955 76.58893 141.03497 136.431 यह
449.67798 593.5155 591.05347 447.21594 169.54694 171.77399 330.78857 328.56152 बढ़
25.39178 78.27544 78.330536 25.44688 8.165032 8.020426 28.17173 28.316336 बात
371.45413 436.25388 435.3594 370.55966 113.50929 114.54735 170.382 169.34395 कर
182.77167 208.4744 208.56409 182.86136 32.280014 32.119263 46.457703 46.618454 और
217.5776 258.63202 258.69968 217.64526 36.52047 36.237328 46.04624 46.329384 आबरू
6.0048447 75.68892 74.68335 4.9992723 133.98175 136.17511 168.12283 165.92947 कर
435.12054 498.41644 497.11646 433.82056 29.919708 31.332138 89.58846 88.17603 चीज़
438.81076 475.84488 477.6389 440.60477 106.82392 105.60649 160.1806 161.39803 को
495.49805 560.8064 560.17285 494.86447 124.65007 125.74016 163.69905 162.60896 बदल
