229.24956 278.0523 282.2044 233.40163 197.4397 190.19336 218.15677 225.4031 पर
388.20282 574.93835 572.30457 385.569 3.515747 6.6049805 165.81107 162.72183 बेघर
404.141 537.22253 536.9717 403.89014 245.59045 245.91913 347.50586 347.1772 बार
14.199928 81.98028 80.72231 12.941964 72.57905 75.187004 107.88122 105.27326 उनके
99.43712 167.04825 165.75432 98.143196 75.8587 78.460144 112.08855 109.48711 भीतर
221.88475 275.46735 281.00568 227.42308 152.02728 144.08026 181.42236 189.36938 पर
564.1919 596.5674 596.2168 563.8413 261.58688 261.88217 300.31918 300.0239 शेर
562.7643 595.64087 595.53625 562.65967 308.30365 308.3946 346.21027 346.11932 दर्ज
8.843437 70.30328 69.268814 7.808969 112.47374 114.55885 145.0504 142.96529 खूब
342.59796 414.24585 414.17548 342.5276 300.7767 300.85507 365.1948 365.11642 उसी
