27.581188 107.94551 108.90053 28.536205 172.46962 170.69374 213.91145 215.68733 करने
337.7193 401.74628 426.64508 362.6181 129.87878 92.70665 135.59354 172.76567 कोई
377.5737 446.3961 460.88693 392.06454 198.33261 158.26361 183.15305 223.22205 काम
492.11603 593.79834 593.664 491.98172 8.71978 9.177429 39.02038 38.56273 लौटकर
489.07892 549.10895 548.84784 488.8178 41.477707 42.00824 71.55117 71.02064 फिर
488.27924 550.0203 549.6818 487.94073 81.830536 82.67055 107.547775 106.70776 शहर
53.17862 110.4043 110.200485 52.974804 238.97653 239.32782 272.5299 272.17862 घर
146.84772 214.91885 215.6503 147.57916 155.90723 154.34344 186.1831 187.74689 बस
222.64832 330.32068 331.42322 223.75085 180.92075 178.62735 230.39078 232.68417 प्रश्न
4.8994884 43.389343 43.511467 5.021612 24.855934 24.510185 38.105434 38.451183 रही
