395.64252 597.0979 592.7758 391.32043 99.3764 102.7016 364.55237 361.22717 उसने
224.9077 284.30377 290.70715 231.3111 170.66733 161.85129 204.99274 213.80878 गये
132.3505 207.35358 207.4426 132.43951 5.1665 4.990307 42.889088 43.06528 हम
22.331047 94.9869 93.72158 21.06573 70.386604 73.20286 105.84637 103.03011 उसने
10.340988 76.74952 75.79128 9.382749 123.18036 125.35306 154.64185 152.46915 कहा
460.99542 514.66223 513.5379 459.87112 40.810776 41.99617 92.8952 91.70981 गोबर
29.064762 132.4957 132.62503 29.194096 6.3244004 6.0681458 58.266983 58.52324 फिर
83.903595 132.45654 131.33937 82.78643 86.22515 88.03237 118.04627 116.23905 हुए
427.81403 485.9099 485.82202 427.72614 311.72348 311.87186 346.28574 346.13736 इनकार
221.1287 258.37112 261.65897 224.41653 147.36526 141.84518 164.02744 169.54752 यह
