364.45416 440.77734 439.59296 363.26978 17.428726 19.244598 69.02702 67.21115 काट
369.30173 464.35593 463.21725 368.16306 91.0791 92.67815 160.36646 158.76741 सकते
378.3163 430.83603 434.14926 381.62955 200.93492 198.14005 260.4005 263.1954 तुम
384.52313 431.23218 431.06 384.35095 283.1014 283.30203 323.3882 323.1876 पर
446.45264 546.66315 546.49664 446.28613 283.55698 283.83823 343.16824 342.887 हुकूमत
20.963852 94.59271 92.89705 19.268187 72.58867 75.42375 119.46117 116.62608 पर
74.836075 205.5923 205.76784 75.01161 17.125063 16.599583 60.279976 60.805454 नजर
231.45737 288.40073 293.07272 236.12936 167.3113 158.86302 190.35347 198.80174 लोग
71.03489 107.94082 108.14704 71.24111 177.16481 176.73595 194.4824 194.91127 वह
489.5257 584.56256 582.82086 487.784 21.837006 23.85054 106.054825 104.04129 रात
493.29755 591.3681 589.72736 491.6568 164.71725 166.14417 278.90927 277.48236 यही
230.94733 281.95837 285.07196 234.06091 207.90855 200.33345 221.30049 228.8756 शब्द
538.9982 568.7685 568.6817 538.91144 333.6332 333.73862 358.27054 358.16513 रहा
9.338745 78.5338 77.10652 7.9114695 121.36948 123.64731 167.00494 164.72711 चुप
204.74837 256.26337 256.3789 204.86394 24.640022 24.373436 46.705116 46.971703 दवा
