14.593346 78.02723 76.62542 13.191538 73.09587 75.532974 112.01984 109.58273 हम
100.87834 165.9784 164.68645 99.5864 76.410934 78.91206 112.53914 110.03801 सब
394.5182 467.43073 470.4195 397.50696 132.62375 129.95041 211.4668 214.14014 घर
399.91223 536.9988 536.53564 399.44913 213.44391 214.01135 325.8789 325.31146 चलिए
70.19167 211.69397 211.82742 70.32513 4.4025517 4.0883102 64.18333 64.49757 फेल
31.725288 106.50936 105.7302 30.946129 110.72308 113.28172 136.05508 133.49644 उसका
521.0986 588.50836 587.1569 519.74713 14.079536 14.926369 122.50239 121.655556 गई
523.22565 593.9284 592.81696 522.1142 166.91281 168.018 239.12314 238.01794 इस
363.97617 486.71848 484.43558 361.69327 5.7526627 8.157982 124.65365 122.24833 समझ
15.577656 68.175995 68.33551 15.737164 27.453781 27.168076 56.533432 56.819138 गई
