70.867966 107.94319 108.202866 71.12764 173.8394 173.40538 195.58812 196.02214 हर
362.95288 560.0077 557.5614 360.5066 16.419373 19.579346 172.12859 168.96861 जरिए
382.9652 592.5674 591.9016 382.29944 279.39258 280.99347 368.1571 366.5562 सकता
226.01315 259.7964 263.25702 229.47379 159.29095 154.28146 177.61945 182.62894 घर
233.10933 285.30396 288.7636 236.56898 203.06174 195.31143 218.61069 226.361 साफ
49.372627 106.54011 106.64358 49.476097 20.879072 20.619953 43.4487 43.70782 उसने
121.63906 191.62024 191.72134 121.740166 21.455202 21.129013 42.821968 43.148155 उसकी
206.2716 241.59085 241.69016 206.37091 27.31089 27.114502 44.976074 45.172462 यह
5.9701157 51.840176 51.372967 5.5029078 142.90924 144.30655 159.64383 158.24652 जरूर
512.6906 551.7026 551.5018 512.4898 211.39815 211.85158 229.12965 228.67622 साहब
560.5488 582.23535 581.99524 560.3087 212.01813 212.26346 233.49176 233.24643 इस
513.3535 541.0868 540.93713 513.20386 246.9068 247.15436 263.91757 263.67 तरह
549.76263 579.5507 579.2674 549.4793 239.3273 239.62274 268.1874 267.89197 कोई
7.397339 78.96001 77.66971 6.107043 102.29822 104.808304 141.5947 139.08461 कर
373.67557 510.29562 509.57693 372.95688 184.2847 185.40564 273.00082 271.87988 माल
84.59207 145.40654 145.56175 84.747284 46.162582 45.668137 64.75807 65.25252 साफ
89.72214 147.40933 146.4021 88.71491 75.23623 77.45748 103.61562 101.39437 उस
