12.494049 94.608604 93.66193 11.547368 97.42593 100.35319 126.90917 123.98191 बहुत
5.553467 73.95116 73.34617 4.948476 132.69356 134.85628 153.98964 151.82692 बाद
383.71185 419.96228 419.53314 383.2827 150.15115 150.70828 178.63019 178.07306 राम
386.40005 435.0823 434.61545 385.9332 187.63815 188.20093 228.58295 228.02017 करते
449.37674 486.38126 487.67477 450.67026 188.5603 187.46622 231.21515 232.30923 और
390.8906 454.62332 454.42026 390.68753 250.25882 250.76266 276.4437 275.93985 सम्मान
394.8479 432.06073 431.94806 394.73523 296.30194 296.46558 322.08307 321.91943 भाव
71.48283 168.4783 168.66208 71.66662 24.419468 23.929989 60.35004 60.83952 रख
50.92337 122.611336 121.69318 50.00521 72.49356 75.26413 99.02124 96.25067 स्पष्ट
172.96167 252.91049 253.04736 173.09854 9.555215 9.316063 55.078064 55.317215 एक
489.78253 559.5031 559.41095 489.69037 127.18097 127.26602 202.78448 202.69943 इस
492.9796 592.00085 591.40125 492.38004 243.71011 244.74472 302.12943 301.09482 सबब
15.511028 87.33464 87.37773 15.554119 5.4409747 5.272249 23.615622 23.784348 उनका
