488.69324 567.0105 566.2063 487.88907 130.89459 132.06909 185.69128 184.51678 तरस
491.10498 587.07825 586.21326 490.23996 217.25677 218.45471 287.75665 286.55872 खाओ
6.895447 132.65486 130.16542 4.406008 70.79202 75.6523 140.06631 135.20604 हम
223.77434 287.80627 294.38312 230.3512 163.67885 154.17644 198.49461 207.99702 और
127.82129 225.01453 225.18845 127.99521 14.203787 13.850643 61.719864 62.07301 भला
64.76848 104.2455 104.44319 64.96617 181.66774 181.19893 197.84566 198.31447 कहिए
3.7442932 53.475246 52.91047 3.1795175 169.7491 171.11229 191.71587 190.35268 बल
54.047882 102.2836 102.366486 54.130768 14.471836 14.296574 37.10738 37.282642 हम
512.9176 573.09875 572.65906 512.4779 19.609894 20.00232 87.43617 87.04375 यह
6.833908 70.416046 69.78723 6.2050934 140.38283 142.33812 162.78587 160.83058 करता
48.27469 95.07936 95.19566 48.39099 41.890064 41.5396 57.070812 57.421276 तक
