495.99573 588.6749 588.28076 495.60156 296.94455 297.53336 359.57455 358.98575 साथ
37.61701 117.17613 117.277115 37.71799 5.3890433 5.2021446 48.18675 48.373646 बीच
219.15546 289.015 296.28473 226.42517 164.36333 153.99458 202.9745 213.34325 कर
10.739281 124.85212 122.421165 8.308329 72.19499 76.58893 139.72221 135.32828 एक
415.46088 441.6081 443.5949 417.4477 116.85563 115.62637 157.88687 159.11612 के
459.89966 511.43732 510.9416 459.40393 129.90424 130.77548 160.10062 159.22937 ऊपर
527.8389 571.27484 570.7817 527.34576 131.20567 131.93996 161.1122 160.37791 एक
420.2239 471.23636 470.874 419.86154 187.50296 188.13889 217.20868 216.57275 आध
422.2895 455.05176 456.90045 424.13818 235.12286 233.69376 276.07446 277.50357 इंच
136.43011 241.14212 241.315 136.603 11.467644 11.127525 64.35079 64.69091 और
510.3772 585.59344 584.60156 509.3853 39.97489 40.84246 126.835365 125.9678 वह
513.0467 593.0169 591.9561 511.9859 185.73148 186.92563 257.966 256.77185 उस
