147.51173 239.38194 239.51735 147.64714 5.1308846 4.915066 62.553104 62.768925 गई
25.807877 85.00851 83.88941 24.688782 70.27104 72.56743 101.417496 99.12111 यह
12.815079 85.331436 84.421265 11.904906 125.29352 127.64929 155.66647 153.3107 बात
228.39307 287.609 291.7619 232.54596 162.99437 154.2112 182.20982 190.993 यार
375.45407 502.66953 501.50375 374.2883 76.763336 79.07861 143.13309 140.81781 समय
383.93445 504.56525 503.99518 383.36438 193.06767 194.24693 252.56233 251.38307 समय
524.94885 592.99475 592.0344 523.9885 195.07379 196.04178 263.55014 262.58215 पर
391.35748 465.39996 469.1106 395.0681 276.7264 273.77512 366.86942 369.8207 कई
8.208374 91.60394 91.71443 8.318863 8.212018 7.983982 48.392193 48.620228 मरने
470.7948 496.0824 497.00708 471.71948 295.25708 294.58234 329.23663 329.91138 रही
472.44086 500.1228 500.94617 473.26422 338.7407 338.03793 370.47086 371.1736 फिर
514.514 577.7006 577.6497 514.4631 348.9039 349.0529 370.6285 370.47952 सरफराज
94.75457 174.97345 175.02737 94.808495 6.161651 5.962902 27.731915 27.930664 असल
66.23367 105.78096 106.013016 66.46573 184.98112 184.4947 203.36067 203.84709 वह
233.27711 280.92004 285.07196 237.42903 200.41617 193.34125 221.3005 228.37543 भर
500.89355 597.4524 595.2936 498.73477 40.67003 42.23918 175.08255 173.5134 इस
