10.61116 115.02956 115.12334 10.704941 4.534868 4.3029785 46.531425 46.763313 वक्त
225.85196 292.12906 298.18594 231.90884 176.4897 166.65123 207.45354 217.292 पर
12.290344 109.19737 107.705154 10.798123 74.76423 78.46801 117.5109 113.80712 उनका
147.85422 173.57544 173.6383 147.91708 29.43664 29.28701 40.093636 40.243263 बम
48.67514 75.83368 68.03932 40.88078 123.69176 129.86424 164.15886 157.98637 हुई
67.03111 107.91499 108.14705 67.26317 174.98715 174.51208 194.48242 194.95749 हर
183.26456 255.02701 255.13687 183.37442 9.524393 9.309731 46.041016 46.255676 जोर
421.2351 481.63422 481.45215 421.05304 277.73975 278.0418 314.44458 314.14252 अब्दुल
422.6933 452.4685 454.03503 424.25983 324.1001 322.7152 356.39648 357.78137 बेग
466.01074 497.48877 497.45044 465.9724 333.55945 333.6021 361.87714 361.83447 इस
9.027203 37.409576 36.89863 8.516254 160.91084 161.71776 179.68974 178.88283 उसे
