52.15172 115.955215 115.70671 51.903217 235.73712 236.15994 273.65787 273.23505 भर
161.77399 210.25696 209.14792 160.66495 247.03284 248.7757 279.6267 277.88385 साथ
445.01532 594.13947 593.3068 444.18268 6.661995 8.257553 86.078354 84.482796 उस
337.47736 387.07623 408.95862 359.35974 121.88152 93.09279 130.793 159.58174 रही
373.23193 432.87164 446.7765 387.13678 183.32433 148.61894 172.51378 207.21916 जाय
402.66437 452.88403 466.71613 416.49646 233.94667 204.66882 228.3947 257.67255 बार
158.33205 197.78813 197.10155 157.64546 283.05817 284.49493 303.35022 301.91345 काम
150.69597 232.3889 233.2607 151.56776 145.46461 143.53477 180.43895 182.36879 रघुबर
153.41576 220.94475 221.7165 154.18752 192.07816 190.68088 227.9783 229.37558 सती
495.0512 591.839 591.02203 494.23422 109.18442 111.073 152.94269 151.05411 उत्तर
567.5231 592.5172 593.7136 568.7195 193.66853 191.53658 205.56328 207.69524 यह
