233.29951 284.46393 289.3083 238.14388 193.26443 185.66714 218.29184 225.88913 भर
422.08713 505.30612 504.52084 421.30185 145.3935 146.51233 204.92233 203.8035 जमीन
180.57567 250.11855 250.27315 180.73027 21.180494 20.85635 54.023453 54.3476 कर
239.18478 279.90988 283.71646 242.99136 156.62347 150.58429 176.25403 182.29321 सभी
69.960205 106.86789 107.08017 70.172485 181.61275 181.17134 198.92097 199.36238 यह
5.479782 132.11346 129.73816 3.1044724 73.247986 78.106 140.02324 135.16522 इधर
444.58008 591.5519 589.7007 442.72888 219.53986 221.3421 372.30658 370.50433 कुछ
2.9449787 66.564735 66.66446 3.0447025 17.413977 17.158302 41.97307 42.22874 वह
527.5872 576.58673 576.163 527.1635 148.3626 148.7701 199.7224 199.3149 और
64.07129 181.51653 181.63426 64.189026 5.326898 5.0510025 55.169052 55.444946 इस
