455.9973 478.23456 479.07635 456.8391 310.9269 310.1531 334.3436 335.1174 देश
148.39986 225.17195 225.34746 148.57536 11.428761 11.17939 65.21297 65.46233 मर्द
220.8175 268.4988 272.4789 224.7976 155.76538 148.69519 175.5369 182.60709 बढ़
229.12616 287.08447 290.5442 232.58588 206.9878 198.38074 221.67761 230.28467 गया
7.633972 130.48691 129.16208 6.309146 80.87004 85.47792 120.79988 116.192 उत्पादन
396.01474 498.6874 497.17 394.49734 64.97 66.74974 154.28917 152.50943 करने
36.58936 93.37392 93.49092 36.706364 15.449754 15.236137 46.338295 46.55191 पर
466.6013 505.20267 506.3522 467.75082 160.63777 159.8123 213.56783 214.3933 को
527.8889 586.64246 586.19226 527.4387 178.61404 179.36496 214.58823 213.83731 अगर
470.24188 533.5935 533.3319 469.98032 257.7726 258.15286 301.7297 301.34946 पकड़
68.328865 109.20492 109.43696 68.560905 174.97404 174.49904 194.46742 194.94243 एक
7.2732086 59.172714 58.1046 6.205095 127.65675 129.32777 162.50163 160.83061 हुए
