40.76068 101.78989 101.85687 40.827667 4.467912 4.332382 34.495117 34.630646 यह
13.304153 125.39656 123.58974 11.497331 69.78599 74.134056 120.713844 116.365776 बात
228.13902 291.90295 295.5362 231.77226 183.30368 173.84106 198.32352 207.78613 आया
65.844315 109.35411 109.60448 66.09468 177.21811 176.70142 197.7844 198.30109 वह
412.7223 500.17517 498.94385 411.49097 59.5503 61.271492 123.83602 122.11483 अन्दर
119.579155 230.81763 230.93634 119.69787 6.1001434 5.824543 53.742092 54.017693 यदि
13.771572 52.74773 52.091946 13.1157875 127.86597 129.12091 149.48837 148.23343 उसी
440.25098 568.40717 567.7694 439.61322 193.66003 194.39935 304.95026 304.21094 शहर
64.75627 110.61185 110.76613 64.91055 40.85527 40.517807 61.48265 61.820114 जब
409.8286 450.87775 453.56378 412.51465 316.349 314.4178 371.51086 373.44208 पुन
