53.90304 129.75452 129.90901 54.057537 15.384624 15.0992775 56.16805 56.453396 यह
509.05225 587.6665 586.146 507.53177 34.506546 36.157227 108.5706 106.91992 करने
512.89874 576.11993 575.5174 512.2962 128.72723 129.23654 204.03122 203.52191 और
222.64072 282.06998 288.6471 229.21783 156.6885 147.87112 192.20108 201.01846 फिर
182.85344 235.35689 235.50291 182.99947 19.37826 19.147026 52.302116 52.533348 कई
383.67627 497.03198 495.65295 382.29724 94.35452 95.997986 191.11655 189.47308 उस
396.4499 498.37695 498.24548 396.31842 276.57108 276.7347 358.63937 358.47574 रूप
134.69873 179.80103 179.9526 134.85031 34.024265 33.732914 57.19631 57.48766 उसे
433.5276 467.25183 469.7881 436.06384 207.07127 205.79242 272.67438 273.95325 हुई
231.53528 276.8171 280.27362 234.99179 204.2482 197.52908 220.82324 227.54236 तब
