63.60444 132.54987 132.73816 63.792717 23.54803 23.208958 61.492573 61.831646 वह
445.443 535.3294 533.9931 444.1067 69.85953 71.4834 145.45465 143.83078 कर
450.73706 582.14185 581.145 449.74023 173.17908 174.58963 267.45142 266.04086 सकते
221.86378 261.47937 265.63245 226.01689 159.18993 153.31483 181.31917 187.19426 हर
3.8603592 76.98378 75.740585 2.6171608 76.95546 79.729416 112.501144 109.72719 अत
136.33772 241.37102 241.58156 136.54826 25.895924 25.33889 65.03711 65.59414 बाज
75.12347 101.5232 101.665596 75.26586 169.58423 169.30164 182.60449 182.88708 बन
75.969604 108.97128 109.190125 76.188446 186.42786 186.02081 203.76422 204.17126 उठी
357.08496 420.64795 420.46448 356.9015 267.81186 268.21103 297.4219 297.02274 बदतमीज़
430.55817 456.27203 457.51587 431.802 267.4557 266.3318 294.78857 295.91248 और
467.0795 504.61142 504.46017 466.92825 273.62625 273.86197 297.94943 297.7137 उध्दत
361.04047 397.85785 397.7801 360.9627 313.2739 313.39133 337.7673 337.64987 युवक
364.28522 410.50568 410.49207 364.2716 350.5683 350.5998 370.58752 370.55603 कहकर
418.98038 460.0864 460.0663 418.9603 344.28027 344.3139 368.8321 368.79846 उसकी
470.6741 510.6829 510.6694 470.6606 350.80273 350.83002 370.65576 370.62848 अवज्ञा
520.3129 542.1026 542.08746 520.2978 350.91217 350.93152 368.00922 367.98987 कर
241.5889 288.1108 292.60898 246.08707 186.07669 179.1705 209.47162 216.3778 इस
561.42535 595.10223 594.87823 561.20135 293.56448 293.78836 327.49667 327.2728 भूल
15.230831 64.311195 63.196255 14.115893 114.21019 115.86684 148.8983 147.24165 बंद
4.198269 55.98788 55.311573 3.52196 167.70547 169.13715 193.6019 192.17023 कर
