65.7887 107.96907 108.202866 66.02249 176.10916 175.61542 195.58813 196.08188 बन
389.5019 557.98553 556.74493 388.2613 123.459564 125.256226 241.59387 239.79721 हमदर्द
400.83807 560.24207 560.1245 400.72055 288.83447 289.0946 361.0996 360.83948 तलाश
92.251816 173.57542 173.7867 92.46309 29.760094 29.28701 65.604164 66.07725 हाथ
225.11795 290.15945 295.0048 229.96329 164.67258 155.02359 187.68481 197.3338 अब
5.7589493 103.93969 102.18174 4.001002 98.44899 101.93494 151.44699 147.96104 और
10.190884 89.609726 89.71779 10.298946 4.535801 4.359432 53.02009 53.196457 खैर
227.88524 289.30658 292.76636 231.34502 203.59868 194.47835 217.77837 226.8987 अगर
4.565178 61.403316 60.116158 3.278019 151.81564 153.48938 197.1995 195.52576 देर
464.90152 528.6813 529.6686 465.88882 21.878828 21.179108 111.17081 111.87053 कुछ
186.04361 248.7254 248.80487 186.12308 8.620904 8.441456 36.199673 36.37912 बाद
114.28299 162.5711 161.91132 113.6232 81.14439 82.976204 100.3686 98.53678 आज
