438.26868 572.0713 571.28375 437.48114 151.9713 153.66664 215.82124 214.1259 शिक्षकगण
443.20853 497.86014 499.4465 444.7949 225.23051 223.85797 287.02362 288.39618 और
221.8638 288.22446 294.9747 228.61404 159.18991 149.34305 194.83478 204.68164 और
140.0075 187.85172 187.91028 140.06607 11.456021 11.300617 29.326542 29.481945 जब
137.6837 211.04091 211.23595 137.87874 37.612637 37.10106 65.06798 65.57955 उसके
9.928955 119.550026 117.02936 7.4082875 73.41867 77.62404 143.33018 139.12482 और
40.48747 135.28882 135.43832 40.636974 14.521106 14.176651 55.322254 55.66671 कर
397.1677 436.58743 436.4628 397.04306 297.8506 297.99133 332.8996 332.75885 हुआ
400.37662 435.32547 437.41635 402.4675 334.25598 332.3545 370.7849 372.6864 और
449.77213 495.86465 495.84225 449.74973 337.1957 337.22647 370.82394 370.79318 उसने
65.7887 108.05098 108.31453 66.052246 176.10915 175.60725 197.79967 198.30156 वह
