462.9345 545.42426 544.09393 461.6042 20.385544 22.29567 79.74518 77.83505 लौटकर
465.8843 510.54 511.57907 466.92337 100.42889 99.59416 155.18326 156.01797 फिर
471.11987 520.1973 519.73663 470.65918 187.20317 187.78044 226.94377 226.3665 शहर
24.969807 119.98006 120.05391 25.04366 13.661534 13.328526 34.399597 34.732605 दरबार
404.02933 447.02 449.5947 406.60403 103.169136 101.254425 159.06354 160.97824 वह
411.56763 461.6454 464.19885 414.1211 191.57567 189.57118 253.3633 255.36778 दिन
76.46926 125.27422 125.4016 76.59664 38.221504 37.87989 56.07869 56.420303 उस
144.64644 228.4196 228.60255 144.82939 37.744293 37.15793 63.29419 63.880554 मनहूस
15.913322 108.64566 106.73142 13.999087 77.412704 80.93053 131.39111 127.87329 बहुत
464.48096 485.2303 486.21057 465.46124 279.0462 278.39783 309.7677 310.41608 की
499.586 531.10974 530.98773 499.46396 288.94345 289.10562 312.82083 312.65866 तरह
466.60632 498.0329 497.98932 466.56274 331.71268 331.76614 357.3768 357.32333 इधर
203.94113 258.50934 258.55695 203.98874 4.1055317 3.9843502 25.415964 25.537146 शब्द
