12.843643 142.13812 140.6894 11.394936 73.5305 78.490585 116.253815 111.29373 कारण
93.56146 217.53592 217.71399 93.73953 14.328266 13.877811 62.888424 63.33888 बनता
68.440125 108.02327 108.25871 68.67557 177.19147 176.72476 196.69391 197.16061 पर
432.4189 478.36948 479.97098 434.02042 73.93687 72.49308 123.46261 124.906395 इस
16.896458 90.54204 90.689224 17.043636 25.612139 25.23103 53.672195 54.053303 उठा
364.2126 451.02972 450.87054 364.0534 279.63968 279.83707 349.8481 349.65073 क्षण
484.01855 562.9165 562.7324 483.8345 280.55112 280.772 346.501 346.28012 भर
10.339935 88.87535 87.548416 9.013 115.05913 117.70097 157.14757 154.50572 फिर
212.81483 251.87434 252.02815 212.96864 27.274508 27.057323 54.719498 54.93668 रहे
370.62433 496.44397 499.977 374.15735 127.972565 124.86801 268.05136 271.1559 पर
