431.0724 583.29224 583.0745 430.8547 17.617558 18.582676 52.91807 51.952953 आरएसपीएम
260.6343 313.05783 338.35562 285.9321 285.70532 270.266 356.16333 371.60266 रूप
177.331 303.36172 304.97192 178.9412 159.00784 156.14261 226.96957 229.83481 सेवक
52.10228 106.0175 105.82568 51.91046 243.19788 243.55518 272.4994 272.1421 अब
152.53375 208.72311 207.1885 150.99915 244.54318 246.5734 289.0458 287.0156 वह
488.19165 596.5281 595.8839 487.54745 65.18828 66.720566 112.26518 110.732895 कहती
352.35715 389.75485 405.22934 367.83163 282.81763 273.34564 334.4425 343.9145 यह
253.73676 348.14075 347.92365 253.51965 6.506687 7.034115 45.891983 45.364555 जान
393.8314 429.44962 445.2438 409.62558 278.5287 270.29028 338.57556 346.81396 और
215.81503 286.2719 287.43362 216.97675 115.15396 113.36273 159.05807 160.8493 लिए
78.90907 150.88507 150.98128 79.00528 2.001498 1.5885811 18.3594 18.772316 डाल
