130.67064 241.34804 242.79076 132.11336 147.44943 144.84543 206.16415 208.76816 पत्र
310.3175 369.83362 388.90515 329.38904 280.20422 264.5598 337.11395 352.75836 स्वस्थ
82.07643 145.04884 145.13652 82.16411 2.015152 1.674324 17.872814 18.213642 मर्दान
230.9462 283.0671 306.1613 254.04037 297.42023 281.12488 354.99194 371.2873 अपनी
496.15314 599.3202 599.0363 495.86923 32.45838 33.31121 67.65493 66.8021 गिर
491.75885 577.77026 577.3951 491.38364 86.493225 87.73035 113.81581 112.57869 रहा
354.38263 430.6634 447.66473 371.38397 138.97885 94.62491 123.864136 168.21808 सका
253.51717 318.52692 319.41174 254.402 166.20045 164.75871 204.65501 206.09676 लिए
382.0592 431.75385 448.1632 398.46857 275.8057 264.41006 335.9689 347.36453 बीज
386.438 474.60663 491.4665 403.29785 224.83638 173.46245 202.3976 253.77153 अगर
