291.5739 336.8089 358.16577 312.9308 290.14557 277.3576 352.9037 365.69165 और
144.537 195.55602 194.21574 143.19673 239.97247 241.80652 279.0899 277.25586 बढ़
74.276855 115.705795 115.706696 74.277756 243.55136 243.55011 273.65787 273.65912 रह
354.3508 397.671 414.0684 370.7482 138.43732 113.24931 141.45074 166.63875 दिन
382.52942 422.6322 434.11493 394.01215 184.31662 160.979 180.71066 204.04828 अब
337.61697 390.18582 406.5704 354.00156 273.56442 260.35562 325.5634 338.7722 पहले
560.65295 595.46436 596.7383 561.9269 194.24033 191.27719 206.24359 209.20673 घर
232.61919 278.20914 295.92523 250.3353 313.37433 298.8592 354.50305 369.0182 अब
4.9297543 59.76951 59.824196 4.9844418 11.847582 11.658232 27.49648 27.685831 दिन
380.40186 459.4109 481.70593 402.6969 214.47484 168.4406 206.70586 252.7401 जब
