143.22545 255.61964 257.06226 144.66808 155.99043 153.40843 216.20506 218.78706 घर
72.15439 114.60777 114.60867 72.15529 243.55142 243.55014 273.64993 273.6512 पड़
85.23178 145.04901 145.13652 85.31929 2.028751 1.7049942 17.87281 18.196568 अपने
360.94397 433.0879 449.4516 377.30768 140.76532 98.84317 127.00354 168.92569 अगर
159.415 211.346 209.81096 157.87996 255.49707 257.3839 299.63202 297.74518 और
269.27588 338.90033 339.5913 269.96686 162.53058 160.97214 191.84067 193.39911 अपने
272.48822 339.94354 340.50482 273.0495 206.61124 205.28699 233.87744 235.20169 खद्दर
9.516136 56.47003 56.524887 9.5709915 6.7698283 6.594116 21.251774 21.427486 कुछ
366.68173 417.08505 430.99002 380.5867 188.52536 159.19766 183.0951 212.42279 पास
390.00943 428.99002 443.43857 404.45798 228.57877 205.86172 230.65424 253.37128 वह
129.7889 178.87077 177.87825 128.79637 237.31161 239.06497 266.84894 265.09558 वजह
17.125477 97.36792 98.27878 18.036335 178.99474 177.25356 219.2303 220.97148 उसने
