52.645477 106.26959 106.88631 53.26219 171.91571 170.73077 198.64053 199.82547 रक्त
498.26648 590.9225 590.8351 498.1791 10.432308 10.785 33.73783 33.38514 उसका
493.45532 549.42896 549.1643 493.19064 59.384277 59.978134 84.9267 84.33284 एक
490.5429 549.31726 548.7498 489.97543 96.61467 97.60042 131.434 130.44826 और
128.84737 209.90553 210.51976 129.4616 156.06825 154.20482 180.92369 182.78712 उपाय
131.44061 172.6814 173.24777 132.00699 202.73535 201.90848 230.15677 230.98364 पर
194.35289 280.62164 281.19183 194.92308 201.47394 199.7443 228.18384 229.91348 अमल
280.11523 370.81592 370.70752 280.00684 10.006023 10.389622 36.014988 35.63139 दरबार
547.58356 597.13165 596.8631 547.315 60.48226 61.012398 86.11642 85.58628 पर
78.90907 138.18106 138.27727 79.00528 2.0014985 1.6614647 18.432281 18.772316 इतनी
