169.35696 268.0483 268.83115 170.1398 128.39046 125.956055 157.69258 160.12698 प्रसाद
176.64252 243.51566 244.47379 177.60065 182.15556 180.73225 225.74901 227.17232 ओर
57.359444 118.03046 117.9045 57.233486 243.29987 243.55359 273.67377 273.42004 तक
495.01697 586.3496 586.2117 494.879 23.799603 24.32362 48.36652 47.842503 उसका
16.96833 146.96304 147.9422 17.947487 175.22057 172.3687 217.0012 219.85307 जरुरत
144.43369 211.46695 210.00998 142.97672 241.02853 243.44376 283.88113 281.4659 अब
510.46307 595.8309 595.38275 510.01495 95.00408 96.3518 124.73777 123.39005 बराबर
274.85883 319.67462 320.28265 275.46686 177.50119 176.54019 204.89658 205.85757 यह
277.23596 336.6681 337.4267 277.99457 209.87497 208.72064 247.7793 248.93362 और
413.93192 486.52048 486.11282 413.52426 11.040588 11.610085 63.569748 63.00025 पर
559.0938 594.45123 595.413 560.0556 195.3411 192.31244 203.54047 206.56912 आता
