5.5528383 33.689106 33.822006 5.6857386 60.301907 60.052124 75.022736 75.27252 अब
5.4430237 288.3376 290.79327 7.898712 203.23729 200.37054 442.7013 445.56805 आया
-2.5344505 50.367676 60.057644 7.1555195 121.78445 101.97197 127.84557 147.65805 यह
534.55444 572.64124 540.21216 502.12534 23.802505 42.732452 107.979324 89.04938 गया
277.0269 321.81662 310.9963 266.20657 134.31694 165.21773 180.90138 150.0006 जब
347.9762 481.22058 481.95178 348.7074 145.66505 144.4676 225.82729 227.02473 लेकर
343.82925 466.87442 467.21994 344.17477 254.97707 254.39172 327.02332 327.60864 आयी
44.266537 93.91382 102.29268 52.645397 93.95849 75.20107 97.37829 116.135704 बिल
43.290405 83.75106 92.621826 52.16117 124.173615 109.1803 133.1188 148.11212 पेश
214.03662 274.85468 275.17493 214.35687 228.4049 227.97546 273.3291 273.75854 घर
