277.26367 356.4585 354.6659 275.47107 42.731987 50.563145 68.69115 60.85999 उसका
177.46417 225.76733 251.32556 203.0224 489.45038 446.34088 474.97827 518.08777 पर
262.82315 313.10294 309.49954 259.21976 402.10666 407.99875 438.74783 432.85574 यह
276.79398 346.07254 340.35703 271.07846 452.67868 461.691 505.62668 496.61435 चोट
121.97307 170.253 195.41743 147.1375 495.584 453.03784 481.5936 524.1398 तेज
255.88947 318.21326 314.08167 251.75789 347.32846 353.7404 393.8992 387.48727 लेख
328.91302 385.58594 382.00543 325.33252 545.2151 555.99805 574.8165 564.03357 कहा
274.87445 294.27673 293.09528 273.693 4.705305 6.464058 19.497555 17.738802 गई
274.8552 293.30038 291.92856 273.48337 18.446507 20.173756 34.82337 33.096123 हुई
238.19742 260.02075 260.09006 238.26672 435.6387 435.54276 451.31223 451.40817 इस
272.36508 319.9941 317.8289 270.19986 335.60803 340.33948 362.13586 357.40442 नजर
