149.05579 203.46188 218.22269 163.81659 468.0681 419.7533 436.37506 484.68988 सम्हल
165.87138 210.27727 225.46529 181.0594 505.48285 465.7854 482.77484 522.4723 रहता
252.04353 265.5249 278.20697 264.7256 339.41812 335.55014 379.7518 383.61978 है
278.96002 330.9713 328.1438 276.1325 350.3261 355.6856 383.12512 377.76562 मगर
369.8476 392.45367 392.48877 369.8827 15.625172 15.575184 31.444721 31.494709 और
273.50583 284.9949 291.9053 280.41623 460.44733 457.3031 482.5539 485.69812 न
296.06848 344.53625 340.80872 292.34094 454.27347 460.56693 489.27402 482.98056 दरके
335.04657 398.4193 394.8459 331.47314 561.41986 573.8588 592.0644 579.6254 तरह
270.56168 322.02945 318.40988 266.9421 392.1886 398.0728 429.73212 423.8479 यह
324.84268 384.71347 380.93607 321.06528 536.9552 548.1666 568.3385 557.1271 लोग
