489.88104 527.39215 527.1147 489.60358 80.370316 80.85599 102.285736 101.800064 पर
340.6999 391.2851 408.89685 358.31165 139.08276 109.70503 140.03052 169.40825 पर
376.16766 431.64636 451.5619 396.0832 199.9856 167.67667 201.8743 234.18323 हम
171.66634 211.9374 210.67375 170.4027 247.3841 248.83514 283.9051 282.45404 जैव
53.16603 110.277756 110.11311 53.00139 240.04398 240.38214 268.1874 267.84924 तक
141.4919 181.1957 180.66356 140.95976 240.97711 242.3881 257.36212 255.95113 कहना
8.399256 44.463608 44.504272 8.43992 15.79109 15.65439 26.382334 26.519033 अब
531.91486 577.429 576.9545 531.44037 62.570877 63.14653 100.66278 100.08713 गई
416.59598 453.53305 472.76572 435.82864 222.50243 200.97041 233.963 255.49501 इसे
221.40947 251.62828 250.86494 220.64613 247.00888 248.08841 269.45627 268.37674 तब
83.15663 119.26956 119.31398 83.20105 5.2546554 5.106056 15.898973 16.047573 हम
