305.85422 356.21823 354.67007 304.30606 45.55915 50.53939 66.195526 61.215286 पास
364.69916 397.81335 397.84644 364.73224 11.427644 11.375866 32.531303 32.58308 पर
329.62488 375.16705 372.14832 326.60614 539.0779 547.6284 563.70703 555.1565 इस
329.63107 384.754 381.70346 326.58054 564.17737 575.08154 590.50256 579.5984 दास
260.58002 321.9472 317.98285 256.61566 388.2568 395.22745 430.1282 423.15756 कर
280.38785 345.1362 340.09305 275.3447 459.7564 468.2921 506.5476 498.0119 उस
155.96991 195.68628 214.90717 175.1908 455.70248 420.80582 442.68137 477.57803 सर
174.32205 221.15579 239.12967 192.29593 494.52155 452.69562 472.82153 514.64746 तक
262.5683 305.71783 304.72357 261.57404 17.622253 21.665966 32.275616 28.231903 बहस
258.1402 295.1095 293.3332 256.3639 324.0207 327.59357 345.9735 342.40063 सच
331.96854 365.62943 364.0375 330.37662 528.0557 534.221 542.91254 536.74725 कर
