404.50763 461.9792 484.8465 427.37494 208.7604 175.27841 214.53 248.012 इन
451.79358 593.79175 593.09717 451.099 21.654243 23.194862 87.21486 85.67424 भाव
159.91824 229.08209 230.32687 161.16302 151.81366 150.20828 203.83734 205.44272 हुए
62.637825 105.73264 105.68838 62.59356 239.25333 239.32788 264.91953 264.84497 ओर
356.2626 387.19778 398.72256 367.78738 146.00351 128.02924 147.86432 165.8386 पर
382.12018 432.48657 443.96674 393.60034 187.8952 158.58179 178.30704 207.62045 आज
268.54245 352.81973 352.4418 268.16452 5.311165 5.9216537 58.096848 57.48636 और
259.79218 350.79834 351.47723 260.47107 185.25705 183.34775 215.7059 217.6152 चलन
492.35675 567.01324 566.3361 491.67963 103.710144 105.066895 142.32715 140.9704 लिए
29.964848 128.75629 129.85402 31.06258 172.41695 170.23387 219.91045 222.09352 गया
