231.54967 311.638 321.77496 241.68663 287.9372 274.9026 337.1869 350.2215 वकील
388.66858 429.70526 444.15723 403.12054 226.31023 202.39708 227.19765 251.1108 उस
432.68402 555.328 554.898 432.25403 6.1520233 7.095764 62.97313 62.02939 प्रदान
92.552795 147.00597 147.04874 92.595566 2.5963078 2.4075642 14.746271 14.935015 तरह
368.39374 428.19537 445.78748 385.98584 132.23947 97.49982 127.783295 162.52295 मन
487.85992 562.31274 561.9111 487.45828 67.77378 68.71545 100.47251 99.530846 लगी
11.811182 62.987427 63.06185 11.885607 7.335543 7.136654 26.285837 26.484726 उसे
560.09674 587.6408 588.6064 561.0623 193.38954 191.02028 202.24596 204.61522 भाग
330.48535 375.45197 392.14624 347.17963 297.75348 285.9336 349.44385 361.26373 बहुत
327.6213 391.74057 408.18582 344.06656 109.620415 72.423325 100.77114 137.96823 याद
278.32965 327.9765 327.82007 278.17322 15.633152 15.903038 44.675182 44.405296 वह
4.8935757 60.91754 61.055367 5.0314007 29.385778 28.73695 40.637764 41.286594 रहना
