277.4559 324.5621 347.824 300.7178 286.32788 272.7307 353.31946 366.91663 गयी
347.4779 417.8495 427.38452 357.01294 298.22354 286.62692 344.48813 356.08475 चन्दर
56.329918 103.58822 103.47523 56.216927 238.06076 238.27893 262.75348 262.5353 तब
354.44107 412.1763 434.62338 376.88815 142.02441 108.44739 147.0448 180.62183 और
389.24567 436.47858 452.1532 404.9203 207.10205 179.59344 206.50717 234.01578 रूट
163.23935 205.79572 204.95648 162.40012 238.49557 240.01233 263.55936 262.0426 बाद
246.84818 277.06308 291.5032 261.2883 301.8781 292.274 337.70294 347.30707 उस
329.69183 378.30786 397.79108 349.17505 108.41923 80.21596 113.800545 142.00381 पेश
169.1091 199.67212 198.87064 168.30762 267.58466 268.6902 290.8476 289.74207 इस
465.13672 598.05206 596.3844 463.46906 3.9781647 5.9574585 117.94803 115.968735 नई
560.65295 595.46436 596.7383 561.9269 194.24033 191.27722 206.24362 209.20673 पास
