309.8885 348.61963 348.6402 309.90906 5.815753 5.768898 22.766563 22.813417 हर
355.8783 414.65826 414.6767 355.89673 5.7601166 5.689007 20.905066 20.976175 साल
443.95447 470.67957 484.28625 457.56116 203.45457 174.73079 187.3907 216.11449 घर
37.22239 104.922386 105.01757 37.317574 287.01062 286.81366 319.53125 319.7282 पड़
177.00925 211.27148 205.77673 171.5145 320.48984 337.65317 348.62204 331.4587 रहा
177.24396 209.60687 203.97318 171.61026 340.75977 357.30658 368.3252 351.77838 वह
458.48035 497.90387 497.85962 458.4361 3.9361877 3.996296 33.01539 32.95528 हम
298.64496 409.82666 409.914 298.7323 24.854393 24.22432 39.63778 40.267853 लपककर
283.2052 337.56348 335.6289 281.27063 350.0049 356.1862 373.19864 367.01736 पर
58.454594 108.14049 108.482666 58.796772 327.30917 326.40543 345.21732 346.12106 पर
10.098213 60.72077 61.05509 10.432533 319.16882 318.11536 334.1803 335.23376 जब
