53.211197 115.9498 115.706696 52.968094 233.67029 234.05542 273.65787 273.27274 और
335.18478 386.05276 406.27524 355.40726 271.61295 258.72922 338.57224 351.45596 और
184.02948 293.6288 294.93842 185.33908 169.01245 166.59055 225.85516 228.27707 पंद्रह
415.94183 495.88727 495.5056 415.56018 30.834976 31.565544 73.33177 72.601204 कह
529.59644 595.4325 594.91797 529.0819 15.255173 15.846909 73.099365 72.50763 रहे
86.28091 133.24588 133.26474 86.29978 2.033273 1.9466276 12.175925 12.26257 एक
226.19154 283.0395 310.9165 254.06854 286.41965 268.7648 358.52768 376.18253 घर
118.162155 170.26985 173.66505 121.55736 138.93991 136.10718 198.5614 201.39413 हुई
336.3649 399.37283 414.57608 351.56815 127.01779 90.44118 116.63071 153.20732 जान
290.92105 329.88705 347.19577 308.22977 297.18268 285.9673 346.10333 357.31873 उठी
35.982483 95.81032 96.677124 36.84929 173.5435 172.22621 211.59438 212.91167 गए
509.5091 561.4369 560.96954 509.04172 78.87192 79.61105 112.44949 111.71036 बढ़
505.16925 571.77405 571.25226 504.64743 130.02731 131.36856 157.28467 155.94342 गया
370.46906 417.85266 434.81073 387.42712 154.80008 127.254974 156.42654 183.97165 पर
