342.86624 404.8206 430.3237 368.36935 126.32963 90.361374 134.28986 170.2581 इस
373.376 436.11203 467.49582 404.7598 178.77881 142.28152 196.22778 232.72507 देश
6.0899734 47.778202 47.84337 6.15514 16.364868 16.193325 32.030037 32.20158 उसे
275.1999 312.72034 332.00732 294.48688 283.4082 272.33862 337.71216 348.78174 भेष
205.6684 295.46442 296.27606 206.48004 145.68486 143.57213 178.06871 180.18144 बात
462.32343 528.31 528.1484 462.1618 10.857113 11.19194 43.040276 42.70545 यह
455.25537 536.015 535.6012 454.84152 75.54809 76.64445 107.130775 106.03442 बात
83.17018 124.30095 124.362305 83.23154 6.8726315 6.650015 17.985252 18.207869 यह
328.35 404.6464 424.86795 348.57156 277.35684 258.7977 341.92825 360.4874 तरफ
522.19464 589.5275 589.2493 521.91644 28.390793 28.91906 64.37891 63.85064 कर
229.58748 264.96243 280.71826 245.34329 304.62006 293.13495 341.66412 353.14923 फिर
280.91714 323.6755 324.2368 281.47842 220.92873 220.12791 250.09578 250.89659 धूम
