423.30646 521.63873 521.0003 422.66803 34.064697 35.176193 91.658615 90.54712 तक
117.399445 202.55646 197.2948 112.137794 16.761154 20.454544 141.77013 138.07674 लोग
534.6997 595.0913 607.04846 546.65686 100.21802 75.63641 105.01254 129.59415 कम
40.52957 68.55723 67.83121 39.80355 70.55457 71.114235 107.47317 106.913506 और
34.322903 95.7587 100.42282 38.987026 118.09 108.4471 138.16269 147.80559 अभिनय
546.4415 597.6576 607.09265 555.8766 135.1897 114.51889 137.89609 158.5669 सब
442.32385 533.71515 532.5434 441.1521 92.58377 94.8371 142.36241 140.10909 समय
3.8225384 23.670895 23.40066 3.5523026 29.682228 29.84768 62.267166 62.101715 बैठ
31.608112 52.466625 52.01559 31.157078 35.03708 35.391205 61.957817 61.60369 कर
538.04584 597.4777 606.49945 547.06757 46.370434 21.637314 43.315952 68.04907 सड़क
