485.7259 538.0529 460.61237 408.28534 -17.58693 14.976959 139.41656 106.85268 कोई
545.85547 597.01697 610.2887 559.1272 71.19403 50.257202 82.68814 103.62497 और
547.6309 597.1276 608.9393 559.44257 125.85217 105.86481 135.11514 155.10251 ओर
39.831985 87.632614 92.74338 44.94275 41.089806 33.225525 64.28973 72.15401 आज
97.77627 140.59784 145.73587 102.914314 31.38633 24.341225 55.571266 62.61637 कल
33.93996 108.51445 116.86903 42.294544 93.49802 81.78848 134.9963 146.70584 एडवेंचर
511.2501 531.13196 505.3093 485.4274 59.598236 72.24211 112.84712 100.20325 हार
458.06723 504.55228 503.756 457.27097 120.45245 121.89011 147.6372 146.19955 गया
136.9201 197.48312 203.81128 143.24826 20.116533 10.168713 48.694923 58.642742 लेखक
142.54738 172.26039 169.88408 140.17107 72.11517 73.661026 119.3365 117.79065 सूद
532.9144 585.7289 597.2322 544.4177 24.083132 2.1486664 29.846777 51.781242 चीज़
120.76201 138.02498 136.9933 119.73033 79.040924 79.8226 102.60675 101.82507 सब
119.012924 136.06595 134.92728 117.87425 117.66861 118.440796 143.58755 142.81537 एक
142.25935 168.88264 171.73558 145.11229 117.410225 113.24344 131.47192 135.63872 साथ
