24.045784 74.817856 74.74162 23.969553 201.52255 201.70139 223.34393 223.1651 कर
57.28884 105.68032 112.163734 63.772255 26.47077 18.49337 57.822258 65.79966 कम
52.703644 120.29733 129.04495 61.451263 95.07469 84.511505 140.48737 151.05055 करके
143.34212 186.95274 183.4316 139.82097 71.43169 73.71097 141.08263 138.80334 और
525.16394 596.7621 611.8356 540.2374 109.70886 80.67627 117.8495 146.8821 टल
405.46313 461.8971 461.48132 405.04736 46.580994 47.384666 76.582054 75.77838 अन्दर
485.4387 507.3337 478.4938 456.5988 34.51043 48.031723 94.732216 81.21092 एक
224.86015 252.71178 249.77742 221.9258 14.148491 16.278877 54.641273 52.510887 भर
543.11176 595.84064 603.99445 551.26556 59.22219 37.361603 57.02897 78.88956 समय
498.78214 528.3069 487.3085 457.78378 68.52545 87.39789 151.53714 132.6647 पर
110.43126 153.86789 150.97063 107.534004 2.6583405 4.44104 75.034836 73.25214 पर
