541.2901 596.6679 607.32794 551.95013 30.302418 7.3462105 33.061718 56.017925 यश
537.4997 596.75995 611.6053 552.34503 77.10442 52.897194 89.23902 113.44625 दिन
12.901806 38.83623 38.483475 12.54905 16.73639 17.024406 48.787766 48.49975 बस
12.24752 46.047546 45.560272 11.760244 75.65088 76.026245 119.90259 119.52722 बहुत
488.77164 531.0292 469.0532 426.79562 -6.1788177 20.042908 119.920334 93.69861 और
33.03193 95.51366 95.42309 32.941364 199.88771 200.08717 228.45613 228.25667 एक
61.871918 147.90546 144.47366 58.44012 9.530823 11.782135 142.92812 140.6768 आपके
494.80627 522.46185 483.88782 456.23224 76.89874 94.559616 154.96356 137.30269 पर
561.23376 585.2229 591.17053 567.1814 112.2722 102.52202 117.15552 126.9057 पर
160.96481 232.0586 239.39777 168.30399 31.242367 19.721207 65.00925 76.5304 अन्य
426.5524 447.7192 418.1816 397.0148 9.560951 21.888847 72.6045 60.276604 ऐसी
