414.95874 514.35065 513.4705 414.0786 53.534714 55.10634 110.76936 109.19774 बना
96.147064 150.18613 147.52852 93.48946 0.96956635 2.9490585 75.50001 73.520515 अभी
81.89943 149.73825 158.44994 90.611115 96.14995 85.58678 141.53491 152.09808 आती
541.2989 587.4803 598.95746 552.77606 26.846954 7.6973953 35.375908 54.525467 भंग
542.0114 582.44586 590.8614 550.42694 87.9781 71.43695 92.0085 108.54965 पर
550.4538 581.7657 582.1169 550.805 112.344406 112.12276 161.74055 161.9622 देर
32.17688 94.671844 94.590576 32.09561 198.21703 198.39589 226.78941 226.61055 यह
181.62225 216.76724 220.77502 185.63004 56.55821 50.8897 75.738174 81.406685 सतह
224.0319 239.10393 236.59047 221.51845 38.84536 40.003197 72.722 71.56416 के
14.130001 35.735443 35.303112 13.697669 66.71214 66.96417 104.02716 103.77513 हर
38.98584 93.23494 99.34683 45.097733 57.02459 48.223328 85.8957 94.69696 स्टेशन
