454.80444 530.70654 529.85376 453.95163 76.07175 77.65164 118.62009 117.04019 बात
35.235107 68.471954 67.63782 34.400967 41.428993 42.0319 88.01583 87.412926 वह
73.52973 186.66449 195.60754 82.472786 21.82559 3.33284 58.04454 76.53729 नकाबपोश
27.845715 85.62225 91.027115 33.250576 116.34886 107.29277 141.77498 150.83107 सवार
103.88539 154.73718 152.21797 101.36618 76.09212 78.12265 141.21266 139.18213 अपने
222.07552 248.27068 245.25694 219.06178 30.693298 32.684647 72.32858 70.337234 गये
423.38 452.864 413.55444 384.07043 -3.2787933 13.899879 81.36753 64.18886 वह
484.62076 514.18896 474.93613 445.36795 -3.7630234 14.305878 78.53967 60.47077 रस
177.9792 195.817 194.40663 176.56883 76.00837 77.13633 99.44033 98.31237 अब
199.10884 227.74556 230.73225 202.09554 75.53799 70.96339 89.66001 94.23461 खत्म
