70.0309 108.4191 112.62404 74.23584 117.19889 111.18028 138.00052 144.01913 अपनी
419.69788 531.64734 530.75366 418.8042 46.294952 47.876617 111.13197 109.55031 जीवन
528.37823 579.6257 593.2303 541.98285 85.72371 64.79701 98.1133 119.03999 और
532.8887 596.3351 605.8252 542.3788 138.58638 112.78404 136.11964 161.92198 अलग
10.956066 61.769566 68.29172 17.478222 46.083164 37.77108 77.642395 85.954475 आदर्श
10.444244 58.79396 64.17134 15.821625 98.95272 91.27231 125.124 132.80441 मिश्रण
375.32715 481.03363 480.74323 375.03674 11.407524 12.05867 59.20185 58.550705 अचरज
207.78275 220.46222 218.96185 206.28238 4.9805355 5.88105 27.006613 26.106098 और
203.27902 220.01065 221.67172 204.9401 34.914413 32.16031 42.25164 45.005745 अन्य
35.547516 67.57117 67.42076 35.397106 213.08206 213.37286 229.93613 229.64532 पर
