27.432446 71.645935 77.10269 32.889202 107.55779 100.58858 135.20688 142.17609 बक
79.83143 125.089516 130.57571 85.31762 99.10687 91.97301 126.77809 133.91196 बक
141.45558 191.62184 188.42146 138.2552 64.47612 67.06264 129.13483 126.54831 करने
524.124 593.3998 609.3744 540.09863 90.77863 62.56436 101.78744 130.00171 लोग
418.81418 445.48306 408.78555 382.11667 3.8819427 19.368576 82.56389 67.077255 कि
434.96826 527.32214 526.92896 434.57507 34.196526 35.240448 70.02054 68.976616 अवसर
55.51437 127.100555 136.1816 64.59541 36.333935 24.725739 80.72722 92.33541 कर
19.980408 98.01912 97.94838 19.909668 201.50822 201.78313 221.86458 221.58968 रहता
7.078705 42.76745 42.231026 6.542281 36.48015 36.81436 94.09523 93.76102 छूट
538.08466 589.14825 598.1091 547.0455 49.673477 28.577072 50.26677 71.363174 पता
39.93959 71.070435 70.893394 39.762547 229.59612 229.96922 244.74123 244.36812 भर
