403.6366 536.4652 535.9932 403.16458 16.55719 17.528122 82.09871 81.12778 मिलकर
4.3085327 148.35947 164.12897 20.078033 35.598057 12.758209 112.216446 135.05629 तिलक
530.1456 591.80396 606.8352 545.1769 113.3907 88.425095 125.54823 150.51384 कोई
175.26427 192.7635 190.98714 173.4879 46.340668 47.422173 76.164345 75.08284 फिर
168.55371 197.99496 200.77832 171.33707 92.34365 87.67213 105.21354 109.88506 उठकर
170.87009 183.57977 181.94241 169.23273 117.44063 118.22612 144.71931 143.93382 बैठ
532.5627 584.9401 596.8494 544.472 24.225546 2.4789505 31.16279 52.909386 एक
534.0276 578.489 589.3364 544.875 78.88551 60.671463 87.15044 105.36449 इन
28.316368 85.607376 85.495 28.20399 206.52211 206.78053 231.69469 231.43626 सभी
135.26437 148.41473 147.47931 134.32895 121.926285 122.590744 141.10371 140.43925 वह
