542.69086 595.53705 608.65594 555.80975 24.59665 2.7000275 34.361565 56.258186 कुछ
546.0677 589.8416 599.8857 556.11176 78.505714 60.583794 85.11628 103.0382 एक
547.40027 590.8187 599.8655 556.447 132.56654 115.02745 137.4229 154.96199 कह
10.170761 68.45431 67.46136 9.177813 24.599777 25.199356 121.721695 121.122116 एवं
478.51703 538.05286 465.1656 405.62976 -22.073067 14.976944 132.09988 95.04987 अपने
548.9322 597.6069 605.19794 556.52325 108.251755 88.33498 106.88693 126.80371 आधा
162.09438 235.48415 244.64146 171.2517 20.521946 8.636131 65.178604 77.06442 करने
31.731117 96.3367 96.0221 31.416523 197.79309 198.40067 231.85217 231.2446 भर
95.736725 167.45483 172.68427 100.966156 93.862015 82.524826 115.605835 126.94302 आधार
182.46864 210.73897 208.1707 179.90038 74.72091 76.54772 116.29192 114.46511 पर
