531.63727 595.0041 607.20526 543.83844 50.879875 24.752365 54.343742 80.47125 सब
532.44666 597.63306 609.52466 544.33826 115.44548 89.00975 118.33246 144.76819 एक
35.755295 71.8195 70.81229 34.748077 10.545914 11.199669 66.76281 66.109055 इस
27.582893 82.00191 88.019905 33.60089 91.52279 82.87503 120.74531 129.39307 काम
418.79425 527.09644 526.01117 417.70895 63.29091 65.24519 125.38939 123.435104 आप
98.908295 131.46712 129.84523 97.28641 25.895447 27.125153 70.06752 68.837814 कर
89.77522 134.66934 140.055 95.16087 91.10574 83.996475 118.006195 125.11546 सक
151.02356 197.31375 193.84988 147.5597 59.12921 61.650467 125.24689 122.72563 इनसे
541.33527 590.08246 598.51556 549.7684 85.03779 65.079704 85.67722 105.63531 साथ
194.88106 235.99596 240.89214 199.77724 9.0063925 2.2090454 31.824429 38.621777 लगा
