35.582397 69.13501 68.08382 34.531204 10.839455 11.445946 69.60069 68.9942 और
31.365849 58.17365 57.46104 30.65324 95.915726 96.37756 137.74112 137.27928 यह
26.705254 94.69173 94.58611 26.599644 201.53192 201.7714 231.75339 231.51392 हम
531.51373 584.9764 597.2205 543.7579 39.445053 17.336884 46.946106 69.054276 याद
543.71014 580.97406 581.42633 544.1624 62.922634 62.632973 120.808334 121.098 रही
80.94278 139.07762 136.51863 78.38379 51.087845 52.97484 131.81294 129.92595 यदि
140.4589 207.67844 214.85788 147.63834 68.78262 58.11937 103.37747 114.040726 आप
543.6661 586.08514 597.47906 555.06 130.66577 113.54538 141.7761 158.89648 रह
477.60434 527.8843 466.19424 415.91428 -6.0886917 25.111061 124.52767 93.32792 रहा
2.1511135 29.148745 28.835653 1.8380221 5.8268356 6.036339 46.3828 46.173298 यह
1.7140274 30.21151 29.907047 1.4095653 62.152016 62.37316 101.60755 101.386406 रहा
