444.1966 478.27625 439.09473 405.01508 -5.6884613 14.574295 80.473145 60.21039 मन
40.505417 93.850174 93.57692 40.232166 199.59749 200.0819 230.17363 229.68922 वह
98.801956 194.93196 206.06627 109.936264 72.965485 57.950287 129.2341 144.2493 बात
526.1756 594.30646 609.2935 541.16266 122.9227 95.39285 132.48267 160.01251 और
-15.211494 114.45345 130.43936 0.77441406 47.267757 26.849518 128.36722 148.78546 जीवन
540.3941 594.1695 606.7192 552.9438 57.850502 35.743675 66.271126 88.37795 भर
493.30615 532.712 457.515 418.1092 3.127533 27.697556 148.29982 123.7298 गई
196.94203 217.70937 215.65712 194.88979 8.103069 9.510075 39.801273 38.394268 व्रत
193.8353 216.3081 214.28378 191.81097 53.958504 55.481056 85.360146 83.83759 रख
536.9507 581.5525 590.609 546.0072 21.29529 2.7338371 24.49584 43.057293 रहा
