43.126545 109.66951 117.05873 50.515766 16.617401 5.6024017 50.241623 61.256622 अब्दुल
44.114155 101.97029 107.14079 49.284657 82.41289 73.14749 105.43379 114.69919 मन्नान
533.58844 577.7602 588.45404 544.2823 114.388176 96.45587 122.79737 140.72968 और
39.651794 93.00806 92.74432 39.388065 197.92393 198.39116 228.50908 228.04185 भूत
83.92321 218.99655 234.99292 99.91958 38.87156 17.707596 119.80015 140.96411 मगर
531.8683 597.4508 610.947 545.3645 34.84323 7.7168884 40.346146 67.47249 एक
462.94177 510.59625 455.2024 407.5479 -9.235367 19.881866 110.54175 81.424515 जब
8.136351 42.443092 46.61226 12.305513 37.57845 31.882526 56.993534 62.689457 गया
12.100346 35.071655 34.728054 11.7567425 81.20879 81.463295 112.47773 112.22323 घर
495.1593 523.85864 476.18164 447.4823 64.16992 82.41019 157.42538 139.18512 और
