521.4218 596.7784 614.9183 539.5617 119.09685 88.67403 133.60616 164.02898 और
49.02285 99.66969 99.60258 48.95573 198.26526 198.41022 221.86288 221.71793 और
490.66428 532.6472 479.62497 437.642 55.74138 82.602844 165.47372 138.61226 तक
163.61209 201.01892 205.86816 168.46133 19.530062 13.365028 42.788216 48.953247 आप
538.78845 575.9586 584.41003 547.23987 76.97011 61.716324 82.31061 97.56439 पर
461.50433 511.8678 455.45825 405.0948 -10.91037 19.891876 112.12477 81.322525 अपने
44.07744 112.60954 110.77547 42.243366 21.557892 22.980804 111.31586 109.892944 एक
530.657 594.9335 610.473 546.19653 30.694565 4.116165 41.696754 68.275154 भर
147.0498 186.56924 190.41806 150.89862 60.172 53.78601 77.60419 83.99017 गया
143.52945 200.797 205.499 148.23145 102.61891 93.64148 123.6358 132.61324 इसका
