526.8366 560.87946 531.6254 497.58258 15.060509 31.649323 91.68323 75.09441 लग
371.5246 476.6726 467.33447 362.18646 244.1377 252.03333 376.39172 368.4961 वह
14.631386 97.6535 113.394264 30.37215 106.7531 75.85213 118.14307 149.04404 और
284.68018 320.61945 311.99274 276.05347 141.90356 166.6726 179.18973 154.42068 अगर
2.6444845 31.094437 31.27224 2.8222876 55.269062 55.016495 75.04538 75.29794 खत्म
29.019253 98.22696 98.747116 29.53941 213.92015 213.25107 267.0545 267.72357 उसी
30.704445 99.27108 99.483665 30.91703 304.19107 303.79214 340.32962 340.72855 तरह
128.4436 200.69513 200.91635 128.66483 288.34238 288.0342 339.8973 340.20547 चली
31.721874 82.58894 82.81746 31.95039 358.69125 358.47415 412.012 412.2291 गई
120.71834 174.6707 174.76912 120.81676 343.62497 343.49973 385.90543 386.03067 और
189.97754 310.90436 311.00262 190.0758 343.22626 342.93878 384.2718 384.55927 मानसिक
118.229515 165.80984 165.81396 118.233635 409.07825 409.0713 437.25983 437.26678 रूप
