456.33 510.4457 510.4235 456.30777 19.783512 19.821468 51.489864 51.45191 गए
520.20544 589.9315 589.92053 520.19446 19.725418 19.754822 45.770424 45.74102 ऋण
440.80945 486.92957 486.8567 440.73657 69.14313 69.27336 95.0746 94.94437 पर
159.01456 303.55518 303.57056 159.02994 47.96254 47.939316 143.704 143.72722 और
11.007889 156.0495 156.0323 10.990699 11.997269 12.023628 106.563354 106.536995 रहने
466.3457 541.3428 541.136 466.13895 108.03302 108.43378 147.12103 146.72028 हुआ
569.95465 605.2209 597.2574 561.99115 115.374466 142.45688 152.82689 125.74448 उन
268.6912 300.69986 300.7075 268.69882 17.524298 17.512398 38.068672 38.080574 यह
315.26547 350.4023 350.40994 315.2731 17.50698 17.493912 38.05728 38.07035 कह
268.79822 302.91425 302.91833 268.8023 49.795586 49.79055 77.56456 77.569595 गये
