430.46973 598.55066 598.4437 430.3628 10.193619 10.482986 72.621216 72.33185 नीयत
6.0459366 93.3686 93.37565 6.052986 6.115322 6.099537 45.097897 45.11368 पालते
113.18566 190.37173 190.37656 113.19048 18.403091 18.389137 45.080357 45.09431 समय
6.040146 51.258934 51.259716 6.04093 66.87538 66.874054 93.580475 93.5818 घर
71.08638 113.27542 113.276215 71.08717 66.87347 66.872215 93.59463 93.59588 पर
6.035515 78.03678 78.02854 6.0272784 115.3721 115.39426 142.1492 142.12704 साफ
566.09985 600.8342 594.10657 559.3722 132.1864 158.85794 167.61942 140.94788 मन
136.73486 210.97168 210.96478 136.72797 104.29991 104.31702 134.17888 134.16177 मदद
230.85416 308.34308 308.337 230.8481 94.028595 94.04091 132.15991 132.1476 करने
228.9443 301.20456 301.21988 228.95963 22.263659 22.239159 67.48403 67.50853 पर
