137.31328 185.70232 185.71577 137.32674 8.131822 8.110653 38.906532 38.9277 हर
137.37805 216.72919 216.7351 137.38397 50.431404 50.420006 91.549126 91.560524 चीज़
137.45554 186.9809 186.97232 137.44696 101.00813 101.01843 142.20299 142.19269 को
209.42307 294.10718 294.0915 209.40738 113.37555 113.41855 144.31781 144.27481 बदल
436.77448 598.0227 597.841 436.59277 11.5414505 11.9316025 87.03418 86.64403 इसके
573.1434 604.9201 597.34174 565.565 113.02573 137.4289 147.29706 122.8939 यह
573.1857 603.99054 597.2729 566.4681 142.0583 165.71193 174.46046 150.80684 सब
210.67441 239.57144 239.57993 210.68289 25.351034 25.341854 52.06156 52.070744 न
265.50815 356.35464 356.36508 265.5186 25.333618 25.304756 58.199234 58.228096 जाइए
6.8745956 90.17445 90.17626 6.8764067 66.46463 66.46196 122.989746 122.99242 ऐसा
