28.108414 86.67678 86.67859 28.110222 14.947346 14.944393 50.849453 50.852406 उसी
28.111443 87.74993 87.751335 28.112844 75.30147 75.29846 103.054535 103.05754 तरह
112.20497 209.03763 209.03148 112.198814 75.29919 75.320656 103.08144 103.059975 व्यवहार
475.46423 595.8782 595.73413 475.32022 33.32618 33.63434 89.90995 89.60179 पर
101.46727 143.64091 143.65327 101.47963 6.916512 6.897705 34.613113 34.63192 और
161.70396 253.36989 253.37718 161.71126 5.863419 5.8401794 34.585297 34.608536 संघर्षरत
102.649826 130.44359 130.44562 102.651855 56.188206 56.185326 75.71088 75.71375 था
149.64162 191.89305 191.8975 149.64607 47.964043 47.957253 75.70878 75.71557 और
212.24298 265.87213 265.8739 212.24475 57.204834 57.199646 75.7106 75.71579 अगर
100.43115 138.54517 138.53833 100.424324 98.326645 98.33931 118.91199 118.89932 हम
269.57568 352.13312 352.13757 269.58014 20.195066 20.179432 43.816742 43.83238 लगभग
269.71588 337.93005 337.9323 269.71814 62.341698 62.33754 99.4016 99.40576 पहली
