224.54578 278.46863 263.3022 209.37935 177.70486 226.96466 243.56677 194.30698 राय
533.2603 602.0041 592.6152 523.8714 300.8329 336.18512 354.44214 319.0899 यह
53.58249 106.17581 86.50369 33.910374 265.11163 278.04193 358.05743 345.12714 इस
10.361961 141.06131 141.2121 10.512749 383.4237 383.04315 434.8285 435.20905 सम्मान
254.07407 291.26132 283.55392 246.36667 158.40677 191.73975 200.33832 167.00534 जमीन
532.6892 600.6787 590.9619 522.9724 329.44403 365.53326 383.8391 347.74988 घर
340.66666 414.16782 417.88834 344.38718 18.683424 12.853935 59.76419 65.59368 एक
311.04416 403.93643 407.66092 314.76865 90.95321 85.19545 145.28381 151.04158 गहरी
393.35715 484.08707 487.47678 396.74686 99.57402 94.140274 150.74023 156.17398 मधुर
350.00128 409.06415 370.13934 311.07648 282.33994 304.99808 406.4633 383.80515 लगी
