529.029 609.215 595.69855 515.5125 302.87854 344.75415 370.63635 328.76074 रह
34.92189 59.23471 53.115906 28.803087 189.08325 200.40247 213.54523 202.22601 अब
140.68504 183.41634 183.42308 140.69179 425.2414 425.2281 446.83618 446.8495 डॉक्टर
183.92242 223.88858 223.8935 183.92734 431.02423 431.01178 446.8236 446.83606 साहब
226.10951 251.8657 251.87065 226.11446 430.91708 430.9091 446.81497 446.82297 यह
253.87352 302.6844 302.74335 253.93248 430.90176 430.72256 446.77798 446.95718 कहकर
530.98236 592.4987 583.11945 521.6031 339.02573 372.01096 389.50296 356.51773 अब
280.90366 294.17123 299.25626 285.98868 147.61227 140.36676 149.67816 156.92368 पर
388.74152 572.42993 579.397 395.70856 36.01442 24.773438 138.62183 149.86281 पहले
178.491 261.5356 226.78134 143.73672 34.781555 57.532074 184.39319 161.64267 दस
