231.39825 271.27454 258.88025 219.00397 187.59572 224.07784 237.62523 201.14311 वह
28.119587 104.52196 105.413345 29.010975 310.81992 309.20596 351.40396 353.0179 पता
9.206352 76.447334 76.57615 9.335167 394.3694 394.14807 433.2859 433.5072 चल
88.77814 172.2421 172.3736 88.90964 393.2848 393.01013 432.9707 433.24536 गया
37.13716 64.8093 55.86664 28.194496 184.19199 197.09671 216.27286 203.36813 पर
523.313 604.7623 594.1632 512.71387 295.58508 337.60083 358.14777 316.13202 घर
362.45587 539.2765 546.1823 369.3617 32.99747 21.85141 131.40521 142.55127 देकर
542.7645 601.81213 594.09595 535.04834 339.62308 370.96585 385.50266 354.15988 वह
455.05157 524.52234 528.9344 459.46362 370.8743 355.49442 375.42374 390.80362 हर
127.14615 150.55283 140.17065 116.76398 286.14978 292.75043 329.56696 322.9663 गए
166.64742 198.02693 183.70213 152.32262 274.00223 283.36795 331.36276 321.99704 ऐसा
104.93393 154.24527 154.85358 105.54224 330.13974 329.22018 361.84036 362.75992 लगने
