461.4676 519.3781 522.37646 464.46594 374.76794 361.89435 375.38214 388.25574 पर
84.38961 117.31336 104.237434 71.31368 259.11716 267.6495 318.10568 309.57333 इन
67.13362 96.204056 85.73262 56.662186 325.703 333.23676 373.643 366.10925 पर
33.60656 61.877075 55.75331 27.482796 187.01022 200.14996 213.32541 200.18567 कर
368.09576 383.63123 372.94183 357.40637 300.73737 306.87775 333.9223 327.78192 यदि
347.04117 389.7753 390.07077 347.33664 340.16895 339.2121 352.40765 353.3645 मटकाना
406.77103 421.58188 410.4199 395.60904 325.6065 331.7964 358.5042 352.31433 और
336.89307 358.40497 358.58936 337.07745 366.3524 366.04398 378.90634 379.21475 सब
361.69183 390.64624 390.85596 361.90155 365.89844 365.4961 380.58954 380.99188 बाहर
403.2018 445.5717 446.00394 403.63406 173.05254 172.33482 197.85283 198.57054 पर
230.96777 272.5172 261.49878 219.94936 186.29387 224.29259 236.34059 198.34187 उसने
