224.54547 269.6161 254.05219 208.98157 175.89555 217.03804 234.0879 192.94542 और
39.03276 69.36603 58.237007 27.903742 256.78326 264.01276 310.7074 303.4779 बढ़
14.827591 61.27263 61.892105 15.447067 325.64502 324.6891 354.787 355.74292 गया
3.216568 42.47019 42.705658 3.4520378 382.76425 382.4409 411.02408 411.34744 अब
528.69977 603.6851 594.1369 519.15155 311.4219 350.5416 368.8439 329.7242 कर
229.7293 288.31897 288.56372 229.97404 380.3209 379.9138 415.1436 415.5507 पवित्र
536.73346 597.13983 589.3654 528.95905 344.99252 377.34988 391.8635 359.50613 कर
257.93564 293.5675 281.8002 246.16832 155.56734 187.42299 200.58522 168.72957 खुद
73.04876 118.356125 100.55555 55.24818 286.74768 298.40228 367.602 355.9474 यह
37.834705 108.05939 108.30777 38.083088 378.8433 378.44534 422.2789 422.67685 बात
136.02618 179.76163 159.98712 116.25168 364.3765 377.3541 443.9957 431.0181 वह
