10.368729 208.7479 209.2862 10.907028 300.70813 299.87903 428.68292 429.51202 उसके
399.04654 445.2164 445.5552 399.38535 179.84627 179.06926 199.20082 199.97783 उस
465.0332 519.38214 521.35516 467.00623 364.98218 352.412 360.9427 373.51288 अब
472.274 523.8159 526.00916 474.46722 379.5459 368.20117 378.1656 389.5103 वह
258.21582 332.31183 335.67303 261.57703 71.67638 66.55141 115.14719 120.272156 सूरज
529.6602 603.90826 596.5129 522.26483 296.89743 334.79025 349.28104 311.3882 अब
527.50244 602.37854 594.73584 519.85974 323.26678 362.6576 377.18518 337.79437 तक
389.23428 432.49606 406.8754 363.61362 2.0466995 17.443275 89.43303 74.03645 गर्दन
338.1091 424.79062 427.2023 340.52078 105.59903 99.434845 133.34785 139.51204 उठाकर
423.4957 504.01138 506.4614 425.9457 99.526924 93.80121 128.25366 133.97937 स्मरण
