530.96655 593.98486 586.2583 523.24 338.15424 371.7744 386.25726 352.6371 यह
44.27757 120.6711 121.964096 45.570568 276.29822 274.18402 320.90485 323.01904 लगती
40.8414 70.698685 60.603592 30.746307 342.02997 349.45728 390.03882 382.6115 वह
30.324284 55.683018 43.653744 18.29501 386.88956 393.20566 441.50247 435.18637 भी
62.353477 129.64471 129.73068 62.43943 405.5311 405.33524 434.86197 435.05783 अटक
457.82025 513.66345 516.9822 461.13898 337.88773 324.1368 337.61435 351.36526 वह
224.9721 256.61002 246.13507 214.49716 175.38074 204.25052 215.72983 186.86005 एक
526.0941 602.8165 592.604 515.8816 298.91858 338.53656 358.3136 318.69562 पर
162.22865 266.4992 266.66736 162.39677 362.75464 362.5213 437.66174 437.89508 इसी
262.25134 365.4768 365.6147 262.38922 376.0441 375.81314 437.44034 437.6713 तरह
546.5211 602.6398 595.77637 539.6577 290.1681 318.2906 331.9865 303.864 बस
222.37955 261.9854 244.09952 204.49365 16.279892 27.758133 89.4738 77.99556 एक
184.20471 255.7757 257.9566 186.38562 107.40945 102.68921 135.75754 140.47777 सप्ताह
472.752 515.98193 517.80457 474.57465 360.45703 350.36304 358.16876 368.26276 अब
478.06323 516.15826 518.072 479.977 372.07776 363.50806 372.01526 380.58496 यह
485.36053 522.7453 525.0434 487.65863 383.2372 375.17917 385.8409 393.89896 तुम
