65.0168 103.35976 90.66481 52.321854 243.47961 253.01196 304.07617 294.54382 एक
107.56774 158.4057 159.43134 108.593376 252.5247 250.66714 278.7373 280.59488 उच्च
39.230026 84.30363 84.904884 39.831284 318.525 317.493 343.75406 344.78604 स्तर
36.097458 65.702835 54.820663 25.215284 359.80493 367.16504 410.93756 403.57745 की
67.82254 117.16388 117.41362 68.07228 377.98254 377.49298 402.66266 403.15222 परत
399.04108 444.0932 444.50262 399.4505 174.47214 173.70898 197.87827 198.64142 वह
235.26978 272.5874 260.64206 223.32445 192.04758 226.20145 239.2533 205.09943 पर
539.8312 585.551 581.3407 535.62085 301.30228 324.41458 332.74344 309.63113 खास
539.534 585.92255 581.22675 534.8382 318.25235 342.17703 351.28183 327.35715 रहता
539.2013 572.8756 567.3142 533.6399 335.4321 353.1655 363.72617 345.99277 इस
485.36963 526.26355 528.4169 487.52295 383.37228 374.54288 384.5162 393.3456 दिन
141.96672 169.25267 158.27388 130.98793 311.62274 319.5962 357.1668 349.19336 अच्छी
164.59273 196.02254 196.48155 165.05174 327.09888 326.42358 347.78613 348.46143 तरह
116.38967 161.99506 162.32513 116.71975 365.78317 365.23947 392.9252 393.4689 मशहूर
270.57468 304.65738 295.1108 261.0281 167.77036 198.25232 208.9266 178.44464 सब
