209.33842 232.6986 226.7972 203.43703 175.17165 196.61183 203.0417 181.60152 नख
245.3252 275.6488 266.90112 236.57751 203.62622 231.40588 240.95462 213.17496 शिख
526.2822 600.4098 589.52405 515.3965 290.71838 328.7218 349.95508 311.95166 वह
62.69004 85.86454 76.11471 52.94021 220.24295 225.92062 265.71637 260.0387 और
41.410202 86.46175 87.42441 42.372864 270.99728 269.5248 298.9786 300.45108 उनकी
31.344517 78.39073 79.13162 32.085407 310.88785 309.785 341.39133 342.49417 कमाई
542.87463 598.92065 594.1416 538.0956 328.53574 357.71506 366.89432 337.715 सच
91.95255 180.28479 180.47949 92.147255 384.94748 384.54074 426.82645 427.2332 असमानता
257.9356 292.65863 281.3476 246.62457 155.5673 186.61043 199.26228 168.21916 पर
344.843 374.17014 357.90933 328.58218 26.696022 36.704865 84.351 74.342155 पर
400.23914 431.1253 411.63867 380.7525 20.661491 31.876472 85.54284 74.32786 यह
