411.80005 442.6845 443.04193 412.15747 180.43704 179.92273 201.38669 201.901 दिन
410.83368 442.5641 442.78198 411.05157 209.36115 208.89062 223.58398 224.0545 तक
297.50345 324.1011 308.92923 282.33157 19.24102 27.77578 75.05727 66.52251 और
227.96371 268.75815 252.74167 211.94724 179.01587 216.25488 233.80054 196.56152 हुए
17.789478 38.72319 30.598583 9.66487 318.2835 323.20856 357.742 352.81696 बंद
461.16003 527.2313 530.58215 464.51086 371.1028 356.32437 371.30515 386.0836 पर
258.8259 289.06058 280.01035 249.77567 159.96313 187.03387 197.14188 170.07114 गयी
391.08643 502.89233 440.8004 328.9945 -27.277374 12.128479 188.30145 148.8956 हुआ
458.33304 519.5386 521.397 460.19144 357.57104 343.03735 350.86353 365.39722 तक
546.8357 603.18445 596.4979 540.1492 315.60376 344.61755 357.60364 328.58984 जब
546.30884 597.91016 590.14636 538.54504 348.5872 376.18338 390.7007 363.10452 वह
