527.61755 602.7721 592.61804 517.4635 295.10095 333.71033 353.47565 314.86627 वह
50.01876 136.34988 138.52725 52.19613 230.09482 227.15878 291.1816 294.11765 सूरत
34.002888 136.4312 137.64354 35.21523 298.6691 296.7222 360.50424 362.45114 इसकी
15.260643 129.47922 129.55618 15.337593 398.5523 398.3399 439.71216 439.92456 भयानक
397.90372 449.72458 450.07266 398.2518 174.49738 173.60242 193.75943 194.65439 कब
536.72455 590.8697 583.1303 528.98517 344.102 373.07617 387.539 358.56482 पर
377.0959 405.99463 388.91876 360.02002 12.664009 22.850372 71.29469 61.10833 बहुत
401.79077 484.54767 487.93646 405.17957 12.685925 6.0205116 48.09542 54.760834 ईमानदार
362.4034 397.46072 378.5472 343.4899 52.030487 64.37579 118.08502 105.739716 औरत
411.6011 428.07077 410.9329 394.46323 55.692993 61.966843 106.956024 100.682175 थी
342.90005 368.7391 351.93643 326.09738 107.41466 116.51375 164.22899 155.1299 और
377.40854 403.24802 387.45364 361.61417 115.10446 124.61304 167.53403 158.02545 कुछ
467.46744 522.77014 525.13245 469.8298 377.83795 365.59473 376.2655 388.50873 पर
