362.3054 410.6124 419.97824 371.67123 91.86812 66.89377 85.00983 109.98418 गया
382.2434 431.164 446.94073 398.02014 123.99247 98.31502 128.37283 154.0503 इसी
58.87075 133.12836 133.14328 58.885674 391.1729 391.14783 435.3283 435.3534 तक
2.6300097 18.070972 18.25473 2.8137693 25.811821 25.670166 45.700737 45.842392 एक
2.8957963 16.300365 16.51579 3.1112218 42.218876 42.084103 63.509777 63.64455 रही
182.65521 224.4188 224.35825 182.59467 8.160688 8.32308 23.897451 23.73506 रहा
128.84123 190.68697 190.71245 128.86671 391.37363 391.33994 438.13144 438.16513 हम
174.59439 210.69528 210.56873 174.46783 26.667217 26.921902 44.86217 44.607487 गति
191.18094 316.9313 341.23386 215.48349 194.89554 129.03528 175.43744 241.2977 काम
248.0517 325.35632 350.0528 272.74817 275.75336 234.11969 279.9756 321.60925 पर
