164.90317 239.02124 261.36728 187.2492 209.19574 170.41843 213.13013 251.90744 घर
272.0256 385.25302 407.28183 294.0544 153.92334 94.68468 136.79007 196.02873 साफ
211.40059 308.89392 342.87177 245.37843 274.7273 222.20178 285.2685 337.794 दीप
42.774044 107.509705 107.53818 42.802517 390.21378 390.1758 438.74326 438.78122 लोग
118.020966 162.73718 162.75671 118.0405 405.4211 405.39487 438.71085 438.7371 मन
3.6147985 23.063618 23.238491 3.78967 11.871449 11.738049 37.232628 37.366028 पर
4.211296 32.490402 27.930763 -0.34834433 49.980873 56.804504 75.70099 68.87736 उस
170.90762 226.68375 226.61844 170.84232 5.804163 5.9990215 24.692532 24.497673 रहना
160.1694 212.07666 212.06866 160.1614 398.96335 398.9783 426.7783 426.76334 उस
413.89783 465.35034 485.02307 433.57056 142.8593 115.53813 152.58678 179.90794 लिए
