41.142 83.92992 85.530975 42.743057 322.25507 317.45648 331.7328 336.53137 चल
141.80276 230.18289 240.83963 152.4595 184.46625 138.98648 159.69556 205.17532 लगभग
247.61414 282.3789 293.89008 259.1253 130.3826 112.481476 134.8367 152.73782 हर
295.33633 338.86935 355.29123 311.7582 93.74398 71.32789 103.21993 125.636024 क्षेत्र
165.49603 237.28003 253.5138 181.7298 217.81421 180.31433 211.38974 248.88962 सहित
259.0198 344.05655 354.569 269.53226 180.45251 136.05725 156.19333 200.5886 लगभग
183.09953 221.29814 221.21153 183.01292 23.628193 23.877483 37.147026 36.897736 तब
342.96872 460.50217 490.85324 373.3198 172.84445 110.14871 167.04678 229.74252 इतनी
190.98843 222.94897 222.90628 190.94574 4.329077 4.4323177 17.653763 17.550522 भर
3.4349003 36.573128 31.235884 -1.9023452 29.0336 36.966957 59.261024 51.327667 इधर
