184.5344 228.92075 244.02203 199.63568 85.21094 76.12891 149.93304 159.01508 तुम
3.9050694 67.18727 83.086655 19.804453 228.79948 216.4339 297.8006 310.1662 यह
15.502789 47.846985 47.678074 15.333878 424.6904 425.0369 440.804 440.4575 बस
496.45993 536.605 509.32773 469.18265 10.683411 47.435364 77.23103 40.47908 वह
456.94714 511.56537 481.4508 426.83258 68.54686 117.683334 151.15749 102.02101 इधर
505.9254 564.5381 548.9822 490.36948 162.00713 210.67091 229.40712 180.74333 कुछ
398.30606 510.7145 510.7911 398.38266 397.7184 397.52365 441.71274 441.9075 निकल
110.10882 155.3086 155.807 110.60723 97.57173 96.88197 129.54277 130.23253 शक
516.07043 570.6981 562.45447 507.82678 152.59138 197.33827 207.4023 162.65541 घटक
487.69806 534.5866 535.30396 488.4154 324.92877 323.7484 352.24445 353.4248 इन
474.56586 525.3905 525.7272 474.90253 370.04276 369.29227 392.0931 392.8436 सब
285.94308 328.85007 329.061 286.15402 31.606146 31.30175 61.032143 61.33654 मगर
336.18045 373.32382 378.79648 341.6531 19.362415 14.7885475 59.230602 63.80447 कवि
294.96594 345.13055 345.73816 295.57355 84.687454 83.935486 124.47058 125.22255 होकर
354.1073 379.07452 383.2105 358.2433 93.96891 90.845665 123.90885 127.0321 वह
2.5938072 48.556564 48.50611 2.543353 180.17107 180.24397 212.05849 211.98558 एक
308.90857 363.3186 363.39734 308.9873 410.96622 410.80606 437.56088 437.72104 मिल
