8.798573 60.288 60.32942 8.839993 227.52014 227.45969 262.74606 262.80652 औरत
65.12364 89.28717 96.36252 72.19899 228.84068 224.37964 262.7038 267.16483 की
3.2526245 47.185753 46.918255 2.9851277 419.5792 420.03757 445.67746 445.2191 वह
484.7001 529.948 500.10257 454.85468 44.30951 85.375305 118.26013 77.194336 हम
314.62946 393.7016 393.76544 314.6933 400.12433 400.00635 442.8025 442.92047 पसंद
421.46545 442.8377 431.49982 410.12756 401.76767 408.60654 444.03873 437.19986 न
508.4212 569.1027 553.90424 493.22272 162.59099 212.91588 231.24208 180.91719 वह
2.1393433 71.36053 71.31187 2.0906801 174.76648 174.83725 222.4365 222.36572 जब
452.0236 496.9274 465.11752 420.2137 85.546524 125.766556 161.28084 121.06081 अर्थ
529.91736 561.02295 555.1062 524.0006 155.76393 181.08604 188.35411 163.032 सबसे
137.56088 174.28284 179.78848 143.06653 342.2637 333.06754 355.05258 364.24875 जब
