412.97025 521.7899 521.844 413.02426 396.31268 396.18976 443.98724 444.11017 करने
117.40053 200.25157 225.17595 142.3249 30.333591 12.7070465 129.86058 147.48712 इस
4.8400574 88.614716 88.712166 4.9375076 200.1798 200.05896 267.6281 267.74896 पर
505.72253 569.1027 553.9043 490.5241 160.35292 212.91588 231.24208 178.67912 यह
6.969406 119.14071 119.744316 7.5730133 6.95885 5.985985 75.58198 76.55484 विरासत
35.103992 54.384052 60.203266 40.923206 279.9191 275.89767 303.7969 307.81833 और
6.494747 46.120197 45.85275 6.227298 419.61777 420.03116 445.66635 445.25296 बहू
309.23398 390.8303 390.88113 309.28482 399.2212 399.12903 444.13513 444.2273 और
216.52913 263.3553 274.7948 227.96864 9.684551 1.3040314 65.22238 73.6029 सर
232.60072 296.53186 297.3944 233.46327 88.4708 87.403076 139.05057 140.11829 तक
305.3701 383.6815 384.84793 306.53653 69.057274 67.74936 137.58997 138.89789 लपेट
4.4483957 26.631584 33.113625 10.930435 262.8117 257.90027 287.17743 292.08887 पर
455.87305 507.5224 473.2354 421.58606 69.333115 115.715485 153.89594 107.513565 काई
