30.210846 125.32094 125.29329 30.183197 381.90002 381.96747 420.9762 420.90875 सहसा
408.82642 454.20618 467.96594 422.58618 136.22058 112.270035 138.341 162.29155 अपने
425.0191 475.2813 489.02484 438.76263 164.8003 138.01831 163.811 190.59299 जीवन
9.576071 64.760704 68.784615 13.599981 320.43118 313.65482 346.42435 353.2007 भई
6.3838615 42.455322 38.27449 2.203029 11.211864 19.786507 37.374268 28.799625 बता
166.33998 196.4919 202.05598 171.90407 398.97763 394.6971 433.89066 438.17117 पुन
170.04294 317.63052 345.0513 197.46371 189.17575 112.056854 164.53381 241.65271 परंपरा
232.16711 326.43365 356.7658 262.49927 277.13876 226.29092 282.5236 333.37143 और
390.6736 445.48032 463.7692 408.9625 245.34279 215.59464 249.28929 279.03745 और
177.75056 223.70049 223.60295 177.65303 13.544151 13.765205 34.04116 33.820107 और
2.9313593 24.076008 24.261448 3.1167994 37.521637 37.38469 66.016975 66.15392 जून
