82.90071 125.09354 123.507416 81.31459 322.0078 324.25165 354.07697 351.83313 भर
506.07013 553.14386 536.9715 489.89777 159.8988 198.91632 218.42792 179.4104 शेर
4.0997734 43.445545 43.219334 3.8735604 416.59943 417.02753 437.8181 437.39 पर
456.834 524.1334 483.4833 416.18393 65.7964 126.14305 171.47661 111.12996 सच
133.67531 183.07549 188.92409 139.52391 343.20694 330.84348 354.21243 366.5759 अन्य
36.187393 71.2536 81.20342 46.137215 251.5893 244.71008 295.42834 302.30756 कोई
530.3939 561.55225 553.8025 522.64417 153.19205 178.50006 188.04123 162.73322 ऐसा
498.3692 531.52313 515.491 482.3371 11.519955 41.99615 59.43691 28.960712 साथ
481.7988 535.2207 511.8107 458.3888 35.75226 84.39719 110.10603 61.461105 रसोइया
30.081276 95.62459 95.63546 30.092148 209.42075 209.40155 246.55853 246.57773 इसका
