25.541481 101.64905 102.53066 26.4231 72.512985 71.35925 129.51659 130.67032 जर्मन
108.09354 184.78925 185.67056 108.97485 73.31697 72.1414 129.6405 130.81607 औरत
0.6947098 43.394882 43.156372 0.4561998 414.5611 415.02808 436.8366 436.36963 वह
3.4711704 52.735676 64.94024 15.675732 217.19086 207.24005 267.66238 277.6132 एक
218.74791 257.86926 267.91742 228.79607 16.194765 9.054047 64.10414 71.24486 उसी
234.73355 280.67862 281.2181 235.27304 94.737686 94.02879 128.99593 129.70482 तरह
288.99078 359.78772 360.3236 289.52667 94.13311 93.0408 127.77543 128.86774 व्यवहार
463.8134 506.3671 470.3741 427.8204 83.135925 113.56009 163.9028 133.47864 गईं
60.492813 94.01834 101.75087 68.22534 223.71127 217.62665 260.23196 266.3166 पर
166.74751 201.23308 212.33046 177.8449 27.410297 20.063019 72.15025 79.49753 भरी
182.12666 208.11153 220.99446 195.0096 97.329254 91.675385 150.88443 156.5383 हुई
481.53995 522.24524 503.06552 462.3602 20.90866 58.124 79.10236 41.887024 गया
