8.42664 45.43952 45.23264 8.219757 416.6517 417.05856 435.87796 435.4711 पर
207.5938 298.86835 317.70886 226.43431 17.758034 3.0799866 120.23852 134.91656 साथ
469.88733 513.5571 492.8896 449.2198 69.27562 108.770424 131.62273 92.12792 तरह
444.76996 487.44336 470.58112 427.9077 105.77551 144.02042 162.83517 124.59026 बाप
46.423004 77.35045 85.47156 54.544113 205.52664 199.69858 242.7944 248.62247 जुग
506.12848 557.047 542.2994 491.3809 163.6635 205.98659 223.72926 181.40617 वह
500.41113 552.1165 518.11163 466.40625 10.620804 57.874664 95.08295 47.829086 उसी
18.660955 72.58253 72.699684 18.778112 267.7291 267.54874 302.57297 302.75333 अब
47.71724 96.008194 118.20767 69.91672 20.233578 7.3848877 90.82013 103.66882 यदि
77.1214 142.97694 143.86853 78.012985 120.593864 119.30769 164.95929 166.24547 आप
2.2780838 45.03843 56.24157 13.481222 218.48602 209.66663 263.98425 272.80365 यह
