497.07983 556.9347 545.15674 485.30185 162.07513 212.0506 226.15692 176.18146 अपने
3.767929 76.637474 76.71362 3.844078 218.48787 218.37796 268.8711 268.98102 साथ
158.21698 184.03003 196.42108 170.60803 57.771782 51.944374 106.83173 112.65914 के
199.10919 274.7932 275.39072 199.7067 69.3269 68.31083 112.817375 113.83344 सहमत
90.4977 125.8081 124.724525 89.41413 323.77905 325.65778 346.02368 344.14496 जब
11.591621 143.93326 145.22574 12.884087 8.555132 6.873909 108.612885 110.294106 लाल
521.00836 551.8305 544.8337 514.01154 149.9851 175.10474 183.68988 158.57025 उम्र
40.189117 65.14932 72.699684 47.73948 270.15274 265.12076 302.57297 307.60495 बँट
281.96628 325.8768 326.06638 282.15585 25.258036 24.979927 54.91414 55.192245 इतना
332.97058 354.45752 358.78815 337.3012 25.12319 22.255733 54.70688 57.574337 वह
290.09528 323.2973 323.57635 290.37433 72.65884 72.277306 96.56199 96.94352 स्पष्ट
