5.026417 43.394817 43.15637 4.7879663 414.61383 415.03345 436.8366 436.417 इन
483.9795 533.9908 534.58105 484.56976 341.24704 340.19925 368.37344 369.42123 चुप
473.68442 525.7709 526.0298 473.94333 380.07867 379.41357 399.68927 400.35437 बना
514.12506 566.3064 552.3272 500.14584 162.85043 205.97998 222.89316 179.76361 इस
466.76166 526.5096 481.65326 421.90533 70.412155 123.947754 174.00922 120.47362 दिन
17.346447 123.26845 159.48059 53.55859 15.866243 -10.577545 134.47223 160.91602 और
183.08167 276.87936 278.05005 184.25235 53.728294 52.287445 128.49805 129.9389 उन
306.62964 376.2708 386.95264 317.31146 52.977272 44.37607 130.86328 139.46448 पर
346.06717 395.90097 395.96774 346.13394 405.55484 405.46243 441.46762 441.56003 जी
407.4812 481.33252 481.5479 407.6966 416.71933 416.08713 441.2485 441.8807 उतर
136.38171 168.96298 180.74966 148.1684 7.8550854 0.44197083 52.24546 59.658577 और
190.8691 261.27997 261.45 191.03914 23.345339 22.93016 51.769623 52.1848 असफल
