7.268318 43.311237 43.093365 7.050446 415.63983 416.03607 435.8545 435.45825 पर
123.37666 197.84386 198.34117 123.87398 47.44147 46.63513 92.56389 93.370224 एकल
198.82492 233.13083 244.8865 210.5806 34.95086 28.182838 87.77033 94.53835 दर्द
247.31209 286.01782 296.04004 257.3343 33.25375 26.692848 85.8183 92.3792 भरी
302.29236 384.96027 385.35773 302.68982 46.497707 45.660637 84.91388 85.75095 सजगता
7.3164062 65.6366 81.20342 22.883232 227.51904 216.07788 295.42834 306.8695 पर
417.33307 511.79016 512.2237 417.7666 402.22714 401.0505 435.85355 437.03018 बकना
48.69394 90.21541 106.0379 64.51643 84.494354 72.9305 129.74312 141.30698 एक
72.40924 119.796875 120.62988 73.24225 160.1139 159.01863 195.05919 196.15446 पत्र
18.88009 61.987656 73.03578 29.928217 174.82686 166.50352 223.72319 232.04652 फेर
82.65582 125.09024 125.34311 82.90869 43.380688 43.024757 73.17227 73.528206 थक
95.181175 124.12998 133.84946 104.90066 94.552246 86.95839 124.010345 131.6042 कर
138.23372 165.01237 174.61394 147.83528 94.08156 87.64499 127.59123 134.0278 वह
178.56644 204.60541 214.36697 188.328 93.6406 87.93712 132.50314 138.20662 चूर
