9.2740135 48.53349 60.373676 21.1142 181.5389 173.66075 232.66454 240.54268 और
26.232506 60.301674 69.06634 34.99717 265.25534 258.3237 301.40213 308.33377 एक
266.1963 314.00415 329.97284 282.16498 23.77607 16.410698 120.06173 127.4271 रहे
406.91815 491.5583 491.78894 407.1488 416.04343 415.30325 441.67838 442.41855 असह्य
137.38696 162.67206 166.80063 141.51553 345.28586 338.9459 355.41147 361.75143 यह
504.8817 558.42444 547.0674 493.5247 163.37093 207.9004 221.5562 177.02672 लिए
7.771881 146.44087 147.55457 8.885574 52.959457 50.904236 126.04666 128.10188 इसलिए
153.02594 276.5851 277.46753 153.90836 53.610764 51.905518 115.84297 117.54822 आपको
526.86456 567.4642 557.8515 517.2519 148.11456 181.03546 192.89032 159.96942 वह
63.217003 95.27189 102.91845 70.86356 226.27998 220.47464 262.69604 268.5014 रहने
351.4906 397.6195 397.87097 351.74207 29.583496 29.241272 63.140015 63.48224 भाग
157.5538 184.371 188.83328 162.01608 343.117 336.4054 354.2351 360.94672 गए
