4.617256 85.927376 86.39158 5.081459 11.112926 10.471687 69.33397 69.975204 कर
33.945976 104.62939 105.61741 34.934 104.53687 103.232544 156.7749 158.07922 घर
17.728806 59.63642 59.630096 17.722483 204.15796 204.16586 237.74371 237.73581 जब
443.14288 515.6298 481.6054 409.11847 73.13614 138.06215 176.04887 111.12286 कम
162.3886 199.049 210.29335 173.63295 32.029675 24.160591 76.54564 84.41473 इस
220.31812 285.0883 285.4642 220.69403 31.831099 31.267044 74.433716 74.99777 महल
294.76083 326.8986 335.21548 303.07773 16.385786 11.661522 68.23886 72.96313 की
9.0415535 44.210255 54.03255 18.86385 241.53687 234.17407 281.09076 288.45355 ओर
564.7202 593.2363 596.11414 567.598 68.80043 63.0757 77.41037 83.1351 एक
565.30725 596.78613 599.2388 567.7599 88.85612 82.42835 94.439964 100.86773 काम
134.57152 208.74538 209.61562 135.44176 95.27671 94.000946 144.5969 145.87267 बनाए
215.99803 282.55896 283.41675 216.85582 81.43019 80.36302 133.86543 134.9326 रखने
476.48047 525.8286 499.28235 449.93423 41.29618 86.10035 115.33889 70.53472 हुआ
