506.07013 570.53503 553.4295 488.9646 159.89879 213.33122 233.96864 180.53621 लिए
13.092638 54.67991 66.41727 24.829996 176.1587 167.968 227.56294 235.75365 उसे
39.884544 233.5055 235.37296 41.752007 27.461714 24.279648 137.90985 141.09192 सुनकर
239.47557 396.6751 398.417 241.21745 26.896704 24.365753 132.55717 135.08812 फड़क
452.78253 482.5669 467.4124 437.62805 71.36421 98.27045 115.04599 88.139755 कहा
431.58102 456.62643 441.90158 416.85617 102.452286 124.88194 141.32402 118.89436 एक
469.4041 497.005 479.1468 451.5459 125.849304 150.58588 170.51196 145.77539 दिन
523.73627 556.6263 548.1302 515.2402 152.20833 179.0132 189.43797 162.6331 उस
6.8342857 80.304276 80.48607 7.016079 241.5369 241.30539 298.9955 299.22702 कहा
10.9677925 58.934246 78.099594 30.133144 88.40954 74.23772 139.10544 153.27725 उनके
