485.92657 530.5873 507.06653 462.40582 30.891281 71.61824 97.41081 56.683853 बात
454.2963 504.74796 471.69388 421.24222 77.12569 122.37861 159.23003 113.977104 कही
525.4378 563.2034 555.75714 517.9915 158.18607 189.07208 198.17691 167.2909 उनके
515.2436 547.0751 541.8171 509.98563 171.5393 198.00336 204.32773 177.86368 बाल
510.57336 537.8291 529.90295 502.6472 179.80284 202.67009 212.11739 189.25014 और
48.52044 138.58954 173.99728 83.928185 8.534221 -13.215439 133.41423 155.1639 एक
152.18748 176.26228 173.96611 149.89131 328.07434 329.6139 365.52075 363.9812 आई
199.17542 275.85104 276.35153 199.6759 39.198387 38.4112 87.16066 87.947845 कमर
279.49606 306.39877 317.96182 291.0591 19.166 14.91832 88.15299 92.40067 से
422.89096 524.8429 524.9064 422.95444 387.92923 387.81406 443.9838 444.09897 तब
88.58233 116.38239 121.512184 93.71212 277.69763 272.01996 297.1372 302.81488 राय
