400.13385 484.81793 485.0667 400.38263 414.9695 414.20297 441.68472 442.45126 सकता
488.41428 535.9686 536.01697 488.46262 413.8223 413.7399 441.66898 441.75137 वह
5.680475 61.761925 76.472435 20.390985 230.08183 218.94962 293.05756 304.1898 पर
508.3883 547.2672 526.80005 487.92114 24.947151 60.60421 82.92073 47.26367 चार
83.30242 105.74891 118.80877 96.36228 30.132874 24.222176 73.81837 79.729065 नई
101.774155 143.21988 143.63853 102.19281 97.087585 96.47893 124.98697 125.59563 तरह
300.66522 362.14758 362.1789 300.69653 407.4875 407.43658 445.26483 445.31573 यह
443.99023 482.06433 463.84912 425.77502 78.269684 112.53795 132.77617 98.507904 रूप
4.8709183 41.4965 41.208466 4.582886 412.61218 413.00653 439.7558 439.36145 ऐसे
137.69397 269.5698 270.96756 139.09174 33.342953 31.37503 125.04208 127.01001 ठुनक
286.97452 361.99734 362.7347 287.71188 32.809036 31.946915 96.112015 96.97414 कर
67.656006 104.6039 104.63521 67.68732 230.11925 230.08087 260.229 260.26736 अब
6.925726 56.76061 57.11078 7.275898 48.67061 48.188858 84.412994 84.894745 रात
26.1581 65.64345 83.33949 43.854145 108.971214 97.3029 157.18594 168.85426 यही
