72.21767 190.63664 224.12779 105.70882 11.686433 -13.748657 142.17715 167.61224 हरा
7.6284714 50.19777 60.787575 18.218277 196.48347 187.91493 240.52614 249.09468 पर
18.691032 56.637184 70.31391 32.36776 245.82607 238.1146 305.414 313.12546 रहे
92.51162 114.78358 119.0073 96.735344 278.4401 273.89334 294.58292 299.12967 हुआ
345.09967 385.42902 385.44415 345.1148 422.5603 422.53412 445.9077 445.9339 यह
394.30704 443.7883 443.82516 394.3439 414.1773 414.11548 443.62634 443.68817 देख
450.58966 496.21564 496.25183 450.62585 421.8404 421.7558 441.28174 441.36633 कर
471.36163 526.7646 496.4582 441.05524 67.95924 117.91789 151.527 101.568344 तक
298.48065 350.5827 350.80536 298.7033 35.17293 34.78076 64.35806 64.75024 पाठक
306.05472 366.09714 366.71793 306.6755 81.434326 80.54648 122.52667 123.41452 आपको
57.501602 86.067474 94.764725 66.19885 219.84523 214.55048 261.4732 266.76797 कई
502.4984 544.47327 536.15454 494.1797 170.33337 205.4786 215.41391 180.26868 गया
