531.1734 564.21356 559.0256 525.9854 157.0829 183.98598 190.3575 163.45442 अगर
522.3445 542.0842 535.7777 516.03796 166.50682 182.7838 190.43196 174.15498 इन
517.61237 544.0008 536.4931 510.10468 174.85893 196.81999 205.84126 183.8802 और
9.458065 83.88281 83.93912 9.514362 210.6917 210.60934 261.48523 261.56757 पतली
84.18265 127.61348 126.02748 82.59665 323.44305 325.75378 355.56268 353.25195 और
171.25543 250.6402 270.45596 191.0712 54.39904 39.376343 144.08917 159.11186 खर्च
14.310305 71.389595 71.53282 14.453531 267.7354 267.5298 307.29352 307.49915 उसकी
490.77112 531.1969 506.46692 466.04114 27.11441 64.01668 91.107925 54.205654 गया
452.09537 499.52066 475.99637 428.57108 81.25191 123.8887 150.05496 107.41817 आज
61.27751 114.14311 133.59917 80.73357 123.93477 109.607315 181.39653 195.72398 रहा
