235.8299 282.5752 283.1137 236.36841 80.37498 79.71708 117.97808 118.63598 ग्रस
453.77045 512.7506 512.92676 453.9466 395.44684 395.12982 427.89856 428.21558 बढ़
8.4841385 54.861526 66.72637 20.348984 189.5728 180.38481 240.27385 249.46184 और
516.34796 566.175 558.6893 508.86224 154.74045 195.61484 204.74014 163.86575 साथ
506.3922 557.2124 546.213 495.39282 167.75882 210.124 223.31863 180.95346 सभी
566.3447 590.8937 593.3374 568.78845 78.12328 73.15458 85.22843 90.197136 पर
458.25247 527.60046 528.1659 458.81796 354.92316 353.9079 392.5337 393.54895 तभी
30.167171 63.94473 77.17856 43.401005 244.06036 237.32935 303.739 310.47003 हुई
530.42926 567.2696 558.4268 521.5865 147.31999 177.10866 188.0447 158.25603 और
90.35868 114.4786 119.00732 94.8874 277.33487 272.40878 294.58298 299.50906 इससे
113.47772 230.89926 232.44931 115.02777 54.754463 52.74655 143.39178 145.3997 पहनने
326.24655 426.569 426.62253 326.30008 405.70868 405.56506 442.9771 443.12073 साथ
