9.349415 63.0872 63.094036 9.356251 200.18982 200.18146 244.05524 244.0636 वह
420.3429 529.54626 529.58295 420.37958 400.91977 400.8293 445.1262 445.21664 गया
17.396042 115.07059 151.59196 53.91742 11.101804 -13.65419 130.4406 155.1966 हर
160.94342 392.07715 393.5539 162.42017 10.976848 7.779022 114.51398 117.7118 गजल
522.24286 569.4891 560.89886 513.65265 154.68515 193.29868 203.80942 165.19589 चार
506.89832 553.9302 545.1769 498.145 174.76736 214.16898 224.61734 185.21573 चार
490.25763 544.8872 514.52325 459.89365 20.210503 70.036 103.32769 53.50219 चार
454.16388 509.85327 470.4693 414.7799 73.05798 122.93114 166.90811 117.03496 दिन
64.055725 133.83942 134.71025 64.92656 140.72536 139.23647 180.05241 181.5413 सबका
520.3669 557.86115 549.71686 512.2226 205.86212 237.73593 247.31635 215.44254 कर
13.539459 62.6343 75.530624 26.435783 251.60208 241.76163 306.10245 315.9429 वह
459.76767 526.1836 526.8683 460.45242 326.4367 324.27264 345.2885 347.45258 काम
129.69785 170.55853 170.75797 129.89728 27.516563 27.24887 57.68962 57.957314 रात
142.61049 176.19936 188.49577 154.9069 78.90748 71.10631 124.05009 131.85126 यही
