474.95718 524.1948 524.24365 475.00595 418.6411 418.526 439.39038 439.5055 अब
455.84116 507.56406 472.27945 420.55655 71.50496 117.918785 157.23944 110.825615 एक
9.432241 46.493614 56.767998 19.706625 181.80833 174.3301 225.24876 232.727 इन
27.484797 60.196198 68.91477 36.20337 263.27896 256.62772 299.50656 306.1578 पर
177.36496 220.93637 231.94608 188.37466 57.34816 48.379776 101.86862 110.837006 गया
398.3841 484.19897 484.23914 398.42426 396.7759 396.7048 445.16373 445.23483 ओर
29.43071 84.15555 84.189926 29.465088 223.68167 223.62851 259.0139 259.06705 टीमल
295.16 340.92825 348.6575 302.88925 72.61582 66.03521 119.79241 126.373024 स्वर्ण
478.78732 526.9491 527.6344 479.47263 323.2653 321.99698 348.01987 349.28818 पर
459.7311 509.82925 510.11838 460.02023 380.7363 380.18057 406.24673 406.80246 हम
486.98535 523.6244 494.50604 457.867 25.92067 59.301476 91.262 57.881195 तुम
84.18265 126.12198 124.75107 82.81174 323.44305 325.67444 351.44073 349.20935 यह
14.57029 53.865654 54.092026 14.796661 45.86238 45.537003 72.87539 73.20077 जब
31.334717 102.33827 102.889114 31.88556 96.41983 95.32913 131.18875 132.27945 आपको
106.7419 164.70155 165.24742 107.287766 95.58486 94.694534 130.23083 131.12115 अपनी
