509.09985 554.322 544.08826 498.8661 171.36258 209.09921 221.363 183.62637 कर
145.77237 183.95566 189.80478 151.62149 340.17706 330.62085 353.992 363.54822 अब
463.10516 522.7309 479.0078 419.38208 71.50113 124.90742 173.72224 120.315956 पर
20.437996 91.22056 91.24418 20.461617 202.84886 202.81364 250.31099 250.3462 उसके
405.29578 502.62634 502.6681 405.33752 407.14267 407.03275 444.00888 444.1188 अपनी
486.07846 531.76434 501.5435 455.8576 25.085945 66.692986 99.8765 58.269463 इस
19.328928 53.210503 61.891747 28.010172 273.85995 266.80606 308.5043 315.5582 इतने
4.4889717 43.753017 43.53343 4.269383 421.58347 421.99966 442.71463 442.29843 यह
89.84749 110.060104 115.8289 95.61629 278.98395 273.8861 296.75916 301.857 सही
306.3407 385.36902 385.48492 306.4566 402.9059 402.6254 435.2734 435.55392 कर
