429.58762 472.44687 452.2117 409.35245 76.10957 114.58394 137.12529 98.650925 उसके
61.2022 123.930885 146.63931 83.91064 21.1483 5.380249 95.7193 111.48735 इस
151.09697 203.10799 218.9059 166.89488 20.96127 9.988426 84.87016 95.843 पर
25.747026 57.12216 57.143776 25.76864 233.92317 233.8948 257.8004 257.8288 घर
478.28577 536.6116 501.4289 443.10306 42.950592 95.74435 134.61378 81.82003 यह
138.7525 159.54398 167.89697 147.1055 110.11668 105.010025 139.0188 144.12546 बैठ
53.276527 89.05694 97.008385 61.227974 217.25577 210.69284 254.04352 260.60645 उस
295.66895 333.97028 340.7511 302.44977 6.8504457 1.389576 48.948887 54.409756 कर
308.22473 351.49384 358.9845 315.7154 83.98463 77.96884 131.84595 137.86174 एक
12.89584 80.39317 80.49391 12.996578 261.5638 261.36423 295.43045 295.63004 आपको
