2.9549294 52.407883 52.243855 2.7909017 429.49564 430.01157 445.73306 445.21713 बात
338.03287 472.20126 472.8146 338.6462 399.83597 398.03934 443.84183 445.63846 आपको
82.93887 114.40599 113.39467 81.92755 324.74304 326.4181 345.41656 343.74152 एक
270.73203 320.8165 321.06345 270.97897 8.717867 8.426201 50.82892 51.120583 उस
333.8972 366.7678 372.3721 339.5015 8.679706 4.5421257 49.064972 53.202553 पर
284.10968 326.74628 334.8385 292.2019 84.79585 78.30055 131.41966 137.91496 एक
567.73615 596.7153 598.9378 569.9587 78.98735 73.11636 84.08681 89.957794 उस
505.0271 559.42065 549.214 494.82047 161.26134 206.4221 218.71541 173.55464 अभी
136.96324 249.3813 276.9496 164.53154 16.318642 -4.5477295 143.97705 164.84341 पत्र
5.259241 27.587536 27.484682 5.1563883 417.61072 417.86755 426.8094 426.55255 बच
479.3075 543.4757 544.38196 480.21375 312.16312 309.8395 334.86588 337.18948 मील
58.470963 111.107605 111.32971 58.69307 20.526367 20.196808 55.67183 56.00139 कहा
78.29232 141.31146 141.73285 78.71371 89.486534 88.60821 118.842735 119.72106 लानत
