14.351345 47.786743 47.61682 14.181421 423.6854 424.04544 439.82492 439.46487 पर
96.48117 208.62772 240.18686 128.04031 11.663468 -11.419846 141.90521 164.98853 बहुत
401.07233 461.40002 461.52423 401.19653 403.0917 402.84097 432.7311 432.98184 हम
6.7896576 60.373833 60.332085 6.747911 181.53082 181.5856 222.42526 222.37048 तब
22.964933 60.753395 70.64731 32.85885 254.09541 246.46451 295.45953 303.09042 वह
81.734764 109.15931 108.360695 80.93615 328.77258 330.242 345.14685 343.67743 जब
222.73654 305.41464 306.28268 223.60458 34.556694 33.534912 103.77535 104.797134 सन्देह
295.10022 390.83038 390.93457 295.2044 399.3817 399.12903 438.59143 438.84412 उसके
50.450542 126.42259 127.26555 51.2935 66.01803 64.92037 123.26435 124.36201 महतो
70.399796 110.84819 129.21864 88.77025 132.80902 121.700745 188.59271 199.70099 भाई
58.313404 106.76387 106.79787 58.3474 227.55688 227.50656 260.22675 260.27707 रहना
