234.64044 295.11005 307.35303 246.88342 55.49318 45.43184 119.01337 129.0747 कर
9.090086 60.93109 74.57112 22.730116 228.80296 218.4924 287.07373 297.3843 वह
353.5757 418.19846 418.52646 353.90372 11.420139 10.975704 58.667362 59.111797 फसाद
7.488861 36.464558 36.33636 7.360663 412.24414 412.583 423.54553 423.20667 बाद
9.135498 35.801033 35.67836 9.012827 433.70917 433.98712 445.7553 445.47736 कह
88.58232 115.430756 120.260056 93.41162 277.69763 272.2143 295.86035 301.3437 वह
8.069519 53.021988 52.967285 8.014816 177.4922 177.56346 212.06554 211.99428 कर
45.67499 98.50891 98.755615 45.921696 26.820566 26.451473 61.766685 62.135777 अर्थात
102.710724 141.42726 141.58609 102.86955 39.0019 38.731438 61.467476 61.737938 अगर
58.12949 87.3677 98.09494 68.85673 74.9269 66.766335 105.200554 113.36112 सभी
133.67752 179.55643 185.4028 139.5239 343.21582 331.73364 355.09375 366.57593 पाप
