2.9991074 68.786514 68.75566 2.9682567 187.42014 187.47174 226.79678 226.74518 भारत
18.221888 62.399246 73.45592 29.278559 251.34915 242.48544 297.59268 306.4564 आए
500.18585 545.0058 514.5169 469.69696 20.145622 61.087677 94.46437 53.522316 वह
451.8157 500.16745 474.6954 426.34366 90.574524 133.9407 162.34111 118.97494 उस
432.06015 534.57715 534.71436 432.19736 393.96512 393.63242 435.90085 436.23355 विषय
160.25844 269.4099 270.6219 161.47041 68.75143 66.92847 139.49768 141.32065 गहन
289.75174 365.2678 366.22964 290.7136 67.73022 66.55748 128.49496 129.6677 रूप
18.616322 83.98369 109.941574 44.574203 74.964966 56.70056 149.60254 167.86694 कुछ
69.34846 98.40337 98.400734 69.34582 223.7197 223.72516 237.751 237.74554 खाकर
476.87 511.7713 491.00494 456.10364 66.31748 97.93255 120.85746 89.24239 पर
315.71844 375.07465 375.22827 315.87207 400.81598 400.47882 427.52344 427.8606 तथा
