439.5476 495.06665 500.00958 444.49054 326.86313 300.19473 310.48508 337.15347 खबर
440.88843 511.59943 518.25385 447.54285 347.86893 315.06564 329.41 362.2133 घसीट
0.14367676 55.17115 61.037384 6.0099106 356.24036 340.2032 360.33167 376.36884 उस
94.92873 143.91641 140.26746 91.27976 133.99052 145.45412 161.04735 149.58376 एक
3.2982178 73.65054 73.35686 3.0045304 51.664886 52.038986 107.26874 106.89464 एक
511.2246 533.5661 502.03693 479.69543 30.066017 45.508896 91.12272 75.67984 लिए
17.114393 47.04815 50.499123 20.565367 389.28946 380.07217 391.27945 400.49673 जिस
514.0291 553.7944 564.9537 525.1884 114.39703 91.260925 110.4409 133.57701 राह
36.63301 64.61921 64.53217 36.545975 21.43356 21.562092 40.514202 40.38567 अपने
85.3282 129.25563 125.955826 82.0284 151.74425 161.4529 176.38307 166.67442 वह
72.42133 115.29331 112.8507 69.97872 175.63571 184.01395 196.51291 188.13467 कर
74.836365 120.05852 119.708084 74.48593 72.61224 73.02185 111.710754 111.30115 जूस
