435.0263 512.41516 523.6233 446.23444 334.96667 298.1433 321.6986 358.52197 पर
12.194107 55.2631 59.981445 16.912453 348.7226 336.24524 352.53192 365.00928 राम
12.101732 59.284378 64.30504 17.122393 384.2974 369.9023 386.3585 400.75357 नाम
144.9298 205.76823 209.51534 148.6769 284.01666 278.91833 323.63263 328.73096 सबने
136.12106 199.41962 203.60483 140.30627 349.20502 343.6364 391.21002 396.77863 रखते
9.892296 66.87262 66.45506 9.474737 29.631088 30.02098 91.04551 90.65562 पर
428.2091 467.95892 472.89856 433.14874 322.0434 302.63678 312.75446 332.16107 पर
4.9593353 37.136272 40.92367 8.746735 370.99643 361.39444 374.08627 383.68826 कर
68.601906 124.20553 123.9367 68.33308 70.51499 70.986855 102.66532 102.19346 रख
155.7837 191.24312 192.90004 157.44063 271.09622 268.1522 288.1091 291.05313 रमा
