125.058136 205.28351 205.62128 125.395905 216.29141 215.6774 259.8078 260.4218 विषय
222.77908 263.4505 263.68994 223.01852 228.38905 228.07779 259.3634 259.67465 पर
127.03735 220.88284 221.09964 127.25415 278.37454 277.89792 320.58878 321.0654 आपकी
126.69241 199.44455 199.52008 126.767944 350.55377 350.36548 379.54504 379.73334 अलग
537.0054 578.02185 547.3535 506.33707 41.196182 61.933136 122.5932 101.85625 तरह
27.17778 111.05182 120.568924 36.694885 117.61775 85.77246 110.83858 142.68387 बराबर
516.9423 541.6856 514.2016 489.4583 3.8535538 15.121735 75.47268 64.2045 गई
-2.342949 79.933525 87.67004 5.3935623 103.94806 72.23682 92.309586 124.02083 आता
2.6373367 93.401695 93.53817 2.7738113 378.74936 378.50955 430.16 430.3998 सोमवार
278.529 322.41504 311.05365 267.1676 134.19736 164.49045 180.94983 150.65674 बात
