105.836655 174.28154 174.2949 105.85002 395.8348 395.81168 435.31442 435.33755 तरह
7.8503 74.1805 76.658905 10.328709 323.30692 315.93594 338.23874 345.6097 गला
247.4678 285.18185 296.67307 258.959 86.005646 66.80974 89.38638 108.58229 वह
303.01175 348.08963 358.50095 313.42307 57.94613 35.01705 55.485443 78.41452 सब
275.87375 328.64792 344.12515 291.35098 127.70938 100.38225 130.27182 157.59895 कुछ
46.6399 81.78962 81.763664 46.613945 392.65665 392.70023 413.63358 413.59 तहत
1.323473 34.889153 29.278437 -4.287244 17.672474 25.67493 49.208645 41.20619 गल
172.42229 232.48766 232.44179 172.37642 3.4991093 3.685236 18.486029 18.299902 सकता
149.82611 279.3712 291.04688 161.5018 213.24629 145.9792 168.46461 235.7317 असमानता
36.78396 82.25164 82.26185 36.794167 419.45233 419.4276 438.19055 438.21527 दबाकर
3.7248077 32.283947 27.479704 -1.0794342 47.31665 54.20121 74.13058 67.24602 एक
333.66388 456.1126 500.55206 378.10333 157.2106 91.67499 174.70706 240.24268 एक
