169.91425 224.67139 224.59128 169.83414 10.422689 10.65724 29.36194 29.12739 जाओ
27.027988 102.44446 102.47513 27.058659 381.88882 381.84775 438.17953 438.2206 यह
205.73746 371.14035 424.87582 259.47293 88.89421 2.8451385 106.13501 192.18408 आदि
1.8974247 30.434954 30.573969 2.03644 13.436479 13.335754 52.723434 52.824158 पर
94.21413 145.91245 145.89001 94.1917 385.18835 385.21948 422.43726 422.40613 बहुत
359.0535 411.15878 427.98825 375.88297 155.77516 128.26994 160.15135 187.65657 एक
397.34424 468.3921 483.18842 412.14056 212.89955 174.69511 202.21144 240.41588 सप्ताह
3.12146 31.020624 26.22289 -1.6762738 49.29387 56.024742 75.91113 69.18026 वह
143.14821 209.07307 209.0642 143.13933 395.9296 395.94858 426.77744 426.75845 सबब
317.14667 411.58673 440.0959 345.65582 283.61993 232.0716 284.30225 335.8506 इतने
3.7821693 68.98041 71.85768 6.659443 327.78635 319.84598 343.47128 351.41165 उठा
