435.42554 500.81012 510.65723 445.27264 330.73456 299.42157 319.98328 351.29626 और
165.89873 224.22408 227.30745 168.9821 301.81082 296.84915 333.09464 338.0563 अपनी
504.10287 526.3906 495.25113 472.96335 33.28676 48.614227 93.89441 78.56694 बहुत
6.799677 55.967567 63.287163 14.119272 350.28543 336.04117 361.30673 375.551 भर
7.5635185 51.86304 51.697926 7.3984027 4.299446 4.502899 40.45526 40.25181 यह
7.234085 64.35895 64.10274 6.9778733 67.15166 67.51141 108.19438 107.834625 हुआ
466.12372 504.53534 510.01886 471.60724 344.00766 326.4128 338.384 355.97885 पर
142.64413 210.43777 213.54727 145.75363 352.38812 346.4076 381.6557 387.63623 शायद
541.1127 589.32227 589.22375 541.01416 130.62802 130.80746 157.27927 157.09982 एक
37.77675 59.96569 62.213043 40.0241 374.85184 368.0978 375.48105 382.23508 भला
70.17267 123.17816 122.96327 69.95778 75.68472 76.13115 101.64467 101.19824 जाए
46.799316 73.08284 72.94965 46.666134 42.48674 42.64714 64.47115 64.31075 वह
