156.08586 198.4369 212.61998 170.26894 157.19534 135.46457 163.10593 184.8367 पर
194.77237 248.55179 262.6956 208.91617 203.9077 175.8398 202.93996 231.00786 आए
259.26425 324.80734 338.8298 273.2867 170.54474 136.33725 163.2049 197.41238 मगर
329.57202 408.97363 427.83765 348.43604 122.04701 80.60664 116.75096 158.19133 सर्राफ
177.22581 217.10353 217.0107 177.13298 11.225735 11.401806 32.425858 32.249786 गये
4.891073 67.72379 70.740845 7.908125 323.6358 316.04688 341.02667 348.6156 कह
70.74788 153.47234 153.49992 70.77547 374.31772 374.28116 436.73807 436.77463 चुप
2.9874058 25.749361 21.847029 -0.91492665 23.294128 28.731693 45.06707 39.629505 करने
3.3469067 25.229937 21.377838 -0.5051917 45.73716 51.009384 66.99801 61.725784 लोग
342.7656 397.2819 410.66586 356.14957 163.3193 134.6106 160.026 188.73471 कहा
424.30777 482.41714 496.16812 438.05875 182.46136 151.36075 177.05347 208.15408 जाय
144.98596 203.24149 203.25327 144.99774 400.42035 400.4007 435.3047 435.32434 कर
