18.711105 157.98712 157.93388 18.657864 66.92157 67.00438 156.56305 156.48024 करने
35.58467 238.02882 237.89897 35.454815 186.77563 187.08191 272.91605 272.60977 शॉर्टकट
272.18484 406.26608 406.07565 271.99442 188.26187 188.55515 275.61725 275.32397 पसंद
41.615234 165.86583 165.67403 41.423428 302.33942 302.6374 382.62018 382.3222 शरीर
198.04486 272.646 272.49643 197.89531 324.4416 324.63293 382.9417 382.75037 पर
305.68753 456.78348 456.60385 305.5079 324.64905 325.10522 384.6023 384.14612 खराब
271.3799 352.7717 352.69998 271.3082 129.05974 129.17757 178.70787 178.59004 चल
379.93805 451.27637 451.2046 379.86627 129.17958 129.28285 178.85045 178.74718 कर
477.31653 595.0172 594.94543 477.24472 129.3097 129.48007 179.05856 178.88818 करना
181.2388 258.48874 258.309 181.05905 463.34503 463.49902 553.67615 553.52216 गैर
