120.83464 209.05263 228.41386 140.19588 175.62236 130.20573 167.81331 213.22993 सकते
150.18587 267.53662 288.39288 171.0421 216.78949 155.45108 195.3526 256.691 इसलिए
282.2266 353.67166 372.1556 300.71054 147.43893 110.1535 145.57184 182.85727 उसने
1.6684303 31.481153 26.176018 -3.636706 38.289474 45.453026 67.53153 60.36798 पर
32.603058 162.02048 162.03336 32.615936 378.8195 378.78928 433.90012 433.93033 अन्दर
224.10475 313.79175 329.83002 240.14302 72.44025 26.960052 58.587585 104.06778 बंधकर
252.55296 308.24524 326.26868 270.57642 114.06213 85.36847 120.35062 149.04428 रहने
3.1924706 29.635761 24.739574 -1.703716 13.744717 20.038559 40.609657 34.315815 यह
172.12572 225.6375 225.579 172.06721 11.203211 11.439489 24.685614 24.449335 साथ
9.32741 71.2926 74.64607 12.68088 323.1428 315.59622 343.13168 350.67825 वह
345.00916 473.97955 521.9054 392.935 181.39413 111.70224 200.39285 270.08475 अभी
175.96608 215.31425 215.21141 175.86324 28.22525 28.513245 42.563354 42.27536 कहा
