81.70004 237.2648 237.08902 81.52426 166.06866 166.27924 296.1266 295.91602 गए
292.9239 466.06586 465.76508 292.6231 111.31082 111.66632 258.1514 257.7959 और
90.336426 283.16095 282.91888 90.09437 377.75363 378.32736 459.68124 459.1075 गाल
311.9344 386.07422 385.99103 311.8512 280.75186 280.936 314.41763 314.2335 समय
310.86432 383.6494 383.5517 310.7666 352.98694 353.20728 385.48663 385.2663 समय
407.67276 446.87534 446.7811 407.57852 353.2469 353.36523 384.57263 384.45428 पर
310.38693 358.51956 357.75504 309.6224 410.13248 410.8674 460.93747 460.20255 कई
308.87555 359.339 359.15686 308.69342 476.26172 476.46692 521.2524 521.0472 दफे
382.29477 424.3411 424.21445 382.16812 490.19592 490.36688 521.5169 521.34595 वह
164.71573 308.17358 308.12936 164.6715 34.806793 34.85672 161.93916 161.88924 कुछ
