299.10162 453.9248 454.34943 299.52625 231.28989 230.41232 305.33078 306.20834 लगती
294.00934 371.31824 371.4192 294.1103 339.8371 339.71228 402.2688 402.39362 वह
-14.984913 96.67964 115.71605 4.051487 114.139725 72.74931 124.1064 165.49681 एक
487.15936 506.7135 492.0965 472.54236 3.38665 12.221741 44.572533 35.737442 तरह
277.0966 321.81662 311.53806 266.81802 134.36502 165.21774 180.11615 149.26343 गया
57.25004 294.4103 295.87094 58.71067 192.5829 190.07733 328.33075 330.8363 रूट
367.78818 405.0892 405.3826 368.08157 112.444984 111.96628 134.82932 135.30801 अभी
414.2949 450.3854 450.62033 414.52982 116.40876 115.94556 134.24872 134.71191 तक
2.5965395 32.5885 32.766018 2.7740564 55.24322 54.989998 76.01553 76.26876 कर
529.08154 568.7864 536.28064 496.57584 28.622345 48.332275 113.81355 94.10362 अब
