231.24164 308.25235 308.09888 231.08817 343.09674 343.30524 399.99597 399.78748 एक
344.79797 448.4287 448.27783 344.6471 342.2369 342.5554 391.64157 391.3231 साथ
333.90323 348.95963 348.2902 333.2338 434.99506 435.31775 466.55084 466.22815 है
362.50467 393.05777 392.98813 362.43503 445.02432 445.13522 464.32547 464.21457 अब
406.5979 449.82324 449.74957 406.52423 445.1823 445.33954 465.5926 465.43536 अगर
334.4353 360.17102 360.09308 334.35736 483.31555 483.41663 503.25977 503.1587 इस
373.77542 417.22086 417.14713 373.7017 483.46405 483.6344 502.44397 502.27362 समय
121.645035 219.40897 219.31416 121.550224 138.4156 138.5272 221.57722 221.46562 और
264.38943 338.27078 338.16745 264.2861 169.47945 169.61345 226.57524 226.44124 यह
124.9635 303.43906 303.32962 124.85406 278.26166 278.6565 328.12323 327.7284 समस्या
346.79523 418.87946 418.75122 346.667 278.72522 278.91193 328.4225 328.23578 तब
