97.35661 168.36588 168.32378 97.31451 90.79056 90.86699 129.98123 129.9048 उसके
98.52376 152.63547 152.58372 98.47201 151.54433 151.61156 193.26973 193.2025 लिए
170.88521 216.62413 216.57451 170.83559 161.51326 161.58464 193.36964 193.29826 एक
234.30762 313.1385 313.09418 234.2633 151.71298 151.81097 187.439 187.341 सटीक
331.58832 396.61725 396.57404 331.5451 161.72496 161.82466 190.00179 189.90208 जगह
414.671 456.59274 456.54953 414.62778 161.83434 161.8986 190.09373 190.02946 यह
377.64432 468.3226 468.11514 377.43686 248.23718 248.4721 328.55035 328.31543 लिए
371.9688 504.8352 504.6264 371.76 385.83258 386.29602 446.16718 445.70374 इसका
149.66943 225.1586 225.09595 149.60678 237.6596 237.82013 267.27786 267.11734 उसका
150.85779 214.5256 214.45401 150.7862 285.51862 285.67706 314.4488 314.29034 दबाव
