123.48129 166.87106 166.86218 123.47242 395.87958 395.89203 426.7652 426.75275 वह
3.8058414 34.239227 28.608015 -1.8253694 11.697353 18.934803 42.613983 35.376534 कुछ
338.59296 398.1281 414.0075 354.47235 164.53398 133.14156 163.25648 194.64891 बच
363.8149 469.6118 492.42343 386.62656 201.91301 145.1631 187.69008 244.43999 सकती
177.54727 224.1188 224.04611 177.47458 8.140825 8.321913 27.016085 26.834997 मग्न
62.320534 107.7326 120.33016 74.9181 383.5497 374.37802 436.75266 445.92435 तुम
4.5190086 65.60423 69.62288 8.537647 319.6419 312.1717 345.0329 352.5031 इस
3.7248058 31.892662 26.85096 -1.3168969 47.316635 54.106873 75.02133 68.231094 इस
264.12106 299.27036 309.25626 274.10696 126.61405 108.510254 127.89831 146.0021 पर
302.91675 345.69946 359.1167 316.33398 98.2027 76.16731 102.21753 124.252914 रखे
291.96588 348.70508 358.67023 301.93103 159.2282 129.64711 148.76115 178.34224 आया
356.38214 400.1822 414.5152 370.71515 114.98958 92.15434 119.6463 142.48154 और
311.30682 347.44946 357.4032 321.26056 195.70123 176.63174 195.49722 214.56671 घर
