23.9496 65.05626 71.623795 30.517136 151.24535 142.333 172.62459 181.53694 वह
83.393456 112.106224 110.406075 81.693306 307.8729 310.65506 328.2012 325.41904 यह
8.109142 49.97766 47.766647 5.8981266 272.54456 277.84845 295.302 289.9981 उसकी
58.00139 85.44824 83.226715 55.77986 278.8649 282.34183 299.8785 296.40158 ओर
69.88256 103.37849 103.37853 69.88261 43.999702 43.999626 64.99942 64.9995 पर
544.67584 553.9526 555.4842 546.20746 17.703003 16.996006 37.09221 37.799206 देर
558.213 572.3578 572.421 558.27625 24.09101 24.022533 37.081146 37.149624 तक
547.14484 553.1945 554.22833 548.17865 50.09847 49.637417 63.202343 63.663395 न
556.9673 586.2279 586.1731 556.9125 50.13334 50.237236 65.65755 65.55365 समझकर
64.255295 107.7363 107.7368 64.2558 16.001335 16.000237 35.998997 36.000095 एक
