133.0411 179.12698 191.8338 145.74792 188.19423 164.45302 189.11919 212.8604 एक
153.19269 253.06522 271.36145 171.48892 216.48012 164.34276 199.39037 251.52773 महत्वपूर्ण
264.44803 309.9335 325.44748 279.962 157.83319 134.13263 163.90668 187.60724 और
173.17125 212.58214 212.50514 173.09425 15.837509 16.042694 30.830647 30.625462 घर
67.566895 161.48933 161.5169 67.59447 374.3046 374.26315 436.73447 436.7759 बाद
356.00464 400.5418 414.3897 369.85254 137.14537 113.800674 140.2198 163.5645 पर
383.91635 477.1456 495.42197 402.19272 178.88472 129.16869 163.44121 213.15724 वकील
1.4331074 29.823948 29.969328 1.5784874 24.224998 24.116417 62.129707 62.23829 वह
13.138233 71.991745 74.653885 15.800365 321.37964 314.36053 336.68182 343.70093 तब
227.89702 266.93884 275.46094 236.41914 132.3066 112.2841 128.90135 148.92384 ऊपर
41.042706 71.67935 73.79646 43.159824 344.61365 340.71344 357.34375 361.24396 सूद
152.9577 202.25687 202.25043 152.95126 392.94983 392.9588 428.20428 428.1953 यह
