1.4331112 36.328465 31.218687 -3.6766665 24.224998 32.56524 53.944412 45.60417 बात
95.73953 131.28703 139.74277 104.19527 377.51443 370.93588 416.62686 423.2054 एवं
238.30342 295.51675 314.1637 256.95035 271.46014 240.82983 275.65973 306.29004 शोर
24.526388 49.89653 51.32367 25.953527 338.7032 335.60065 347.2707 350.37323 पर
283.37598 319.49744 329.93286 293.8114 59.977848 41.64273 62.20129 80.53641 वह
330.4147 372.27316 382.14645 340.288 33.814133 12.587746 32.057938 53.284325 थक
305.05023 346.3957 357.3167 315.97125 92.22111 70.987236 92.25204 113.48591 कर
327.51245 367.05145 380.4425 340.9035 123.59452 103.02739 128.77081 149.33795 चूर
172.12018 212.77438 212.7377 172.0835 3.806139 3.9342594 15.577208 15.449087 उसकी
177.15196 220.37138 220.3066 177.08717 21.054245 21.380867 29.954292 29.62767 आवाज
37.242355 73.227554 73.18202 37.196823 380.38254 380.4426 407.71536 407.6553 इस
