444.9568 496.31647 496.41638 445.0567 5.0665364 4.853567 28.94654 29.15951 भीतर
513.9554 554.12897 554.21075 514.0372 11.796806 11.624283 30.671135 30.843658 आए
444.68094 528.1283 528.2622 444.8149 42.817158 42.404854 69.521286 69.933586 आनंदमई
544.6216 596.7897 596.91296 544.7449 41.321293 41.064636 66.11908 66.37574 उनके
443.40393 484.73022 484.83075 443.50446 87.62264 87.37951 104.46072 104.70385 पास
553.9603 584.79626 584.77893 553.943 399.61362 399.6536 413.04776 413.00778 जिस
34.622208 104.49971 95.380295 25.502796 340.23975 366.6925 390.7823 364.32953 कुछ
536.68634 590.03436 590.2436 536.89557 68.424706 68.1318 106.23498 106.527885 गीत
536.4213 589.727 589.92377 536.6181 128.79958 128.43904 157.53569 157.89622 गाए
2.1667023 97.34624 88.30053 -6.879005 213.96906 251.91895 274.60587 236.65598 उनके
267.2483 296.3463 296.29974 267.20172 50.32135 50.399193 67.79607 67.71822 इस
376.08127 443.6553 443.7548 376.18076 12.791023 12.500256 35.624573 35.91534 पहला
9.727737 130.93478 123.49991 2.2928612 305.7012 352.23148 371.5986 325.06833 कहकर
