4.5190125 70.170074 74.36458 8.713516 319.64194 311.58035 345.73917 353.80075 हुआ
183.64662 222.94966 222.9063 183.60326 3.5338917 3.6556835 17.653767 17.531975 पर
43.220703 157.72427 157.75659 43.25302 378.85938 378.797 438.14935 438.21173 सम्मान
145.15825 243.68349 276.84985 178.32463 213.41306 161.6059 224.68063 276.4878 बहुत
266.5583 392.2602 417.323 291.6211 150.86957 85.079865 132.96637 198.75607 इसरार
197.21033 315.0005 341.8955 224.10535 286.37384 223.11456 273.19373 336.453 करती
3.2717743 20.715994 20.913895 3.469675 18.136967 17.99841 42.91386 43.052418 इन
3.7512732 19.038452 19.212208 3.9250288 48.38494 48.25004 67.94027 68.07517 पर
159.89465 208.2229 208.23367 159.90543 403.42523 403.40887 435.30292 435.31927 मरा
201.95193 252.51318 263.5637 213.00244 94.54058 68.911064 90.71122 116.34074 बाद
221.657 279.31616 294.88763 237.22845 123.10993 93.50159 123.82537 153.43372 फिर
293.49432 395.27496 410.19855 308.4179 87.815346 35.550346 64.61245 116.87745 लोभवश
358.1723 430.7303 446.1245 373.56653 303.06122 263.3523 291.48132 331.19025 गया
