17.042725 72.16847 75.201256 20.075508 326.2924 319.551 344.35068 351.09207 पर
226.14331 370.22266 416.17853 272.09918 96.03341 21.101273 109.46505 184.39719 कर
58.4661 122.49361 122.49979 58.47228 385.07004 385.06168 432.4838 432.49216 और
168.69841 225.71202 225.63081 168.6172 5.026699 5.21838 29.369694 29.178013 वह
2.8724804 23.595901 23.78085 3.0574284 14.106661 13.969364 41.88491 42.02221 एक
3.3308954 26.99746 27.169071 3.5025072 42.750374 42.628426 75.932785 76.05473 जोर
353.15912 430.48724 458.27118 380.94305 132.59392 91.77162 144.40172 185.22401 सिर
140.10603 188.69984 188.71965 140.12584 401.8992 401.87265 438.13242 438.15897 वह
17.693605 32.125816 29.940924 15.508711 42.140076 45.607918 54.700844 51.233 कर
331.7781 396.94028 422.88876 357.7266 282.91473 247.33673 294.86212 330.44012 गृह
