25.80272 55.048954 50.986565 21.74033 37.569084 40.291466 83.933235 81.21085 और
26.281418 88.79399 89.01312 26.50055 268.66144 268.39862 320.52252 320.78534 उस
33.033848 142.19089 142.36401 33.206974 348.87415 348.61963 422.8626 423.11713 खँडहर
174.45288 219.79529 219.9531 174.61069 350.7071 350.60364 419.7729 419.87634 की
253.62056 334.59357 334.62708 253.65407 370.81265 370.75607 418.67685 418.73343 तरफ
294.68622 348.4168 353.07788 299.3473 132.7648 113.31845 126.19708 145.64343 भद
178.66045 200.74257 195.46843 173.3863 17.746902 20.955795 57.249992 54.0411 और
339.51944 376.38596 377.02078 340.15427 192.3139 191.22751 212.77112 213.85751 पर
453.9245 543.3448 531.037 441.6167 180.42001 189.0299 316.85593 308.24603 दिन
444.18262 529.1022 518.40906 433.48947 318.4817 326.7909 436.0735 427.76428 और
338.49356 418.70547 418.86655 338.65463 275.5965 275.39203 338.57428 338.77875 काम
