-1.5687504 65.54515 74.711876 7.5979767 47.010452 32.777267 76.00127 90.23445 बेहतर
530.294 558.4547 538.8758 510.71512 110.07028 126.081085 160.51746 144.50665 पर
570.31177 596.97974 577.16626 550.4983 138.49991 154.49728 187.5268 171.52942 आ
287.05087 348.62424 354.12302 292.54965 134.66574 112.41321 127.62854 149.88107 इस
157.5207 253.9106 254.23286 157.84297 306.02768 305.70755 402.7405 403.06064 लाभ
399.48013 423.56717 427.78116 403.69412 56.44771 45.47341 54.72252 65.696815 पर
259.77695 331.5402 329.929 258.16574 339.77502 340.9856 436.5011 435.29053 पर
39.32378 69.610886 69.72568 39.438564 248.0466 247.90475 272.41177 272.55362 बच
81.15486 113.65866 113.773575 81.269775 247.85068 247.69846 272.23062 272.38284 गया
42.850754 100.01424 100.1078 42.94432 293.33682 293.12955 318.93723 319.1445 महाशय
