76.31782 130.65259 130.6741 76.33933 398.7689 398.73923 438.16415 438.19382 पर
161.47783 205.64992 205.65092 161.47884 394.4763 394.47507 431.05313 431.05435 यह
204.8627 315.81888 343.55637 232.60019 104.04226 47.032684 101.01746 158.02704 कटाई
243.8935 304.46307 328.58984 268.02026 160.58105 128.9158 175.06573 206.73099 की
326.85037 422.56882 442.44394 346.7255 133.64124 83.52234 121.48035 171.59924 वजह
171.42937 222.89543 222.82579 171.35973 8.117041 8.31716 26.227285 26.027166 बहुत
2.05941 37.15056 30.596497 -4.4946527 23.289608 31.673168 59.106586 50.723026 पर
32.288982 79.89476 79.90828 32.302494 406.1581 406.13712 436.77054 436.79153 यह
111.664764 178.55154 187.70602 120.819244 163.42868 129.36218 147.33624 181.40274 जल
138.01187 199.4403 212.6514 151.22296 192.15085 160.4433 186.03769 217.74524 भुन
155.53369 210.71786 219.8479 164.66373 224.95088 196.2347 213.77995 242.49614 कर
