182.92557 219.50482 219.44391 182.86465 8.316151 8.459354 24.021252 23.878048 लोग
188.06917 221.65807 221.57304 187.98415 30.952618 31.213566 42.155567 41.89462 कम
43.98629 148.71039 148.741 44.016914 381.9487 381.8917 438.15433 438.21133 उसने
225.85915 351.169 374.7566 249.44673 65.08351 1.335823 47.702263 111.44995 मगर
288.25375 377.19766 403.7092 314.7653 156.52264 109.72748 160.1181 206.91327 यह
4.5190086 73.44711 76.60347 7.675358 319.64188 311.38638 337.73996 345.99545 सब
1.9875965 36.571903 31.204866 -3.3794415 18.921303 27.170052 49.672287 41.42354 कर
148.8648 200.64966 200.66779 148.88293 404.8858 404.8576 438.12598 438.15417 अली
368.45563 433.62488 453.38068 388.21143 100.788376 66.765366 104.60652 138.62953 देख
405.07355 438.07507 463.11194 430.1104 147.96439 126.39145 164.69199 186.26492 रहे
2.501895 20.322144 20.51519 2.6949396 50.204105 50.057243 73.48125 73.628105 हर
