284.3165 352.50156 357.77396 289.5889 139.97702 115.15588 129.6395 154.46063 कर
73.65996 114.94476 117.27818 75.99338 316.3531 314.41553 364.13544 366.073 और
77.81683 118.789246 120.966034 79.99362 400.87454 398.94937 445.27634 447.2015 कुछ
564.6062 597.3568 567.2709 534.52026 107.53078 126.877975 177.80675 158.45955 दूर
8.399662 48.906418 54.962936 14.456179 53.395927 44.746536 73.110374 81.759766 उसके
270.8576 318.74396 322.80542 274.91907 125.76098 108.88097 120.40275 137.28276 रहा
246.15433 315.238 314.39108 245.3074 165.32959 166.02316 250.3778 249.68423 वह
244.19087 323.90002 324.05615 244.347 280.35294 280.1614 345.1503 345.34183 एक
56.29281 93.976845 97.452736 59.7687 33.656296 25.435661 41.36944 49.590073 लगता
444.09042 524.05725 524.3259 444.35904 208.3145 207.9938 274.9685 275.28918 साथ
