47.62366 123.44791 127.11926 51.295017 230.43028 227.27567 315.52014 318.67477 और
153.65251 276.38397 276.63776 153.9063 258.33252 257.78864 315.05408 315.59796 कमला
59.956688 113.36303 113.42335 60.017006 397.59433 397.53055 448.04398 448.10776 पर
543.4571 596.47003 572.2601 519.24713 114.17282 151.55597 185.88797 148.50482 लगा
358.77615 570.5758 570.8002 359.00052 238.47144 238.13733 380.34656 380.68066 पहला
571.32324 598.03015 584.2825 557.57556 100.10579 119.109604 138.4298 119.42598 संभव
15.553009 49.165535 45.06919 11.456663 44.76899 47.785393 93.43203 90.41563 बहुत
137.20741 205.28117 205.62016 137.5464 192.70085 192.29503 249.1592 249.56502 सब
142.01376 232.90573 233.04706 142.15509 328.98157 328.7281 379.40424 379.6577 साफ
256.1566 317.69156 317.77335 256.23837 328.59073 328.4916 379.26816 379.36728 कर
