140.7443 254.47403 254.95963 141.22989 266.08923 265.60553 379.78558 380.2693 कर
373.48465 396.10892 396.6035 373.97922 197.72026 197.02388 213.09126 213.78764 नही
13.261263 30.566162 28.142752 10.837852 49.084312 50.62574 77.83233 76.2909 यदि
38.62058 53.759434 51.546597 36.40774 50.240593 51.723915 74.30819 72.82487 वह
380.98648 391.1606 386.56058 376.38644 153.37047 155.52675 177.2314 175.07512 न
396.8731 419.9677 410.40027 387.30566 165.97223 184.34872 196.37259 177.9961 कर
402.73273 503.2036 503.4616 402.99072 227.23495 226.89963 304.19888 304.5342 करीब
395.80615 491.80524 491.8955 395.89642 322.78925 322.66766 393.94434 394.06592 करीब
506.9979 568.69165 568.7532 507.05942 344.64673 344.56262 389.64673 389.73083 बन
260.02127 350.7432 350.95755 260.23563 254.16243 253.92517 335.89447 336.1317 करीब
259.42252 312.95682 312.0151 258.4808 383.8413 384.75378 440.00415 439.09167 एक
339.6433 373.90576 374.58807 340.32562 189.09012 188.1029 211.78241 212.76962 उसे
38.516907 73.28994 78.51272 43.739685 27.136303 19.535984 43.431286 51.031605 कभी
