132.48502 263.81696 264.76752 133.43558 219.88329 219.18335 397.54028 398.24023 उपग्रह
12.908129 30.791082 28.444456 10.561502 45.694946 47.283775 73.69609 72.10726 इस
29.28107 66.371445 70.61949 33.52911 47.45918 39.458664 59.15257 67.15308 समय
13.60524 61.712646 61.96402 13.856613 194.91736 194.6322 237.04144 237.3266 गया
381.8003 410.2566 414.53894 386.08264 40.146126 26.843163 36.003494 49.306458 कर
159.85649 203.03767 207.53572 164.35454 30.71729 21.514809 42.6212 51.823685 प्रदान
452.22192 503.3955 493.971 442.79742 227.4657 232.45416 329.13428 324.1458 हुए
432.7178 573.54956 573.5875 432.7557 351.39246 351.32196 427.08618 427.15668 भूतनाथ
384.5152 419.03253 405.44043 370.9231 152.34323 180.11627 197.009 169.23596 एक
338.33594 378.20038 378.84033 338.9759 193.42334 192.23987 213.79681 214.98029 स्तर
