174.31638 204.1322 204.10315 174.28732 3.6590185 3.7521925 13.050408 12.957234 चार
178.37071 203.15077 203.0931 178.31303 21.585638 21.738852 31.069338 30.916124 घर
39.363518 137.89432 137.90683 39.37603 380.39023 380.36722 433.90573 433.92874 अपनी
115.056984 209.58899 235.11874 140.58673 178.30939 129.4588 178.86203 227.71262 लिए
238.7034 315.93698 334.00156 256.76797 132.71729 92.80586 127.76306 167.67448 एक
158.48334 292.61786 310.90622 176.7717 222.18484 152.0123 186.97043 257.14297 लाकर
315.61862 397.855 415.76285 333.52646 140.90584 97.883835 132.11467 175.13667 रख
0.06136322 70.79565 74.64607 3.911789 320.1304 311.51584 343.13168 351.74625 सुबह
133.2778 207.03275 207.04236 133.28741 392.8956 392.87833 433.88956 433.90683 इतना
345.0092 448.91855 491.3085 387.39914 181.39417 125.42865 204.13275 260.09827 रंज
