111.718994 147.82953 149.47458 113.364044 288.08142 286.92224 338.16968 339.32886 न
178.02501 325.24597 325.60156 178.3806 258.92722 258.27713 338.80472 339.4548 आऊँगी
348.74777 414.7415 414.87863 348.88492 287.10864 286.94708 342.966 343.12756 यह
437.4292 589.47705 589.61475 437.5669 286.6651 286.2929 342.53827 342.91046 कहकर
203.04172 261.9099 261.96304 203.09485 390.1453 390.0651 429.05728 429.13748 गया
278.686 320.7839 320.8013 278.7034 390.00308 389.98477 430.0399 430.0582 पर
338.86554 374.73248 375.35754 339.4906 190.18571 189.1444 210.67458 211.7159 उच्च
41.22061 73.63646 73.67019 41.25434 392.44247 392.39987 418.0482 418.0908 इसको
78.86675 99.09896 100.47843 80.24622 392.393 391.2646 415.998 417.1264 और
20.72894 47.638664 44.107746 17.198019 43.594788 46.057297 84.642334 82.179825 कुछ
547.4273 592.53973 564.7664 519.654 102.561066 134.40826 173.74997 141.90277 करने
