286.31653 350.7956 355.76282 291.28375 136.65724 113.28688 126.99156 150.36192 गयी
388.37637 421.10593 408.29294 375.5634 157.04517 183.37976 199.3042 172.9696 कर
107.53053 166.18736 167.99315 109.33632 185.4358 184.08069 262.24426 263.59937 छुप
186.38058 237.14316 237.4505 186.68793 184.95207 184.64064 234.73912 235.05055 कर
113.19063 162.93947 163.09132 113.34248 304.60272 304.43567 349.65247 349.81952 उस
181.07147 219.001 219.15308 181.22354 304.37476 304.24738 349.52307 349.65045 पर
555.7657 600.0572 572.0594 527.7679 98.78587 130.10011 169.70085 138.38661 आने
218.81932 264.3438 264.4596 218.93507 285.3494 285.21945 325.76675 325.8967 करने
275.0293 308.85754 307.9007 274.07245 284.26987 285.05038 326.51974 325.73923 और
218.95859 249.32104 249.36172 218.99927 344.49814 344.45975 376.64578 376.68417 इस
382.06903 463.8178 463.9209 382.17212 315.2773 315.14835 380.51517 380.64413 औरत
