360.92908 415.6031 415.73572 361.0617 250.28954 250.08252 285.10474 285.31177 बदलते
424.84793 467.62802 467.725 424.94492 259.45938 259.29733 284.90787 285.06992 समय
357.50003 404.95004 405.03445 357.58444 308.48163 308.36523 342.77148 342.88788 मनुष्य
340.44736 377.856 378.5693 341.16068 189.06697 187.98909 212.74559 213.82347 इन
381.10806 425.29935 410.8658 366.67453 149.52269 185.10643 203.03139 167.44765 खाट
35.040806 65.07268 69.58014 39.548275 38.358963 31.839325 52.602417 59.122055 बाद
246.57077 301.64557 300.95285 245.87804 237.4306 238.01025 303.83453 303.25488 वह
245.39108 334.5007 334.5784 245.46878 327.42624 327.33865 406.37582 406.4634 अपने
-2.7774563 39.445282 44.57553 2.352789 69.10337 60.166466 84.4045 93.34141 कठिन
22.505562 94.32353 94.54008 22.722107 300.4126 300.16388 362.68762 362.93634 अभी
30.729326 82.91067 82.960526 30.779184 394.94238 394.87677 434.54675 434.61237 तक
102.86092 187.36615 187.4299 102.924675 394.8517 394.7455 445.46915 445.57535 इसका
