264.47034 321.70203 323.6142 266.3825 325.17444 321.08533 347.84857 351.93768 उसके
145.23338 187.26143 187.17336 145.14531 161.87263 162.02162 186.86635 186.71736 यह
123.09187 159.88995 155.37172 118.57363 333.4465 343.13974 360.29208 350.59885 अगर
262.45587 293.25677 295.10406 264.30316 287.41153 285.21402 311.10648 313.304 हुए
182.16365 238.50475 250.2882 193.9471 350.46652 336.28452 383.09677 397.27878 और
195.4909 246.74481 255.59564 204.34174 420.00073 407.15063 442.45306 455.30316 इस
203.69034 231.41992 231.42334 203.69376 192.82655 192.82063 208.8413 208.84721 कर
200.99043 250.58073 257.5191 207.92879 471.0427 458.6461 486.4017 498.7983 एक
212.5824 259.7765 266.3173 219.1232 528.44604 516.69434 542.9617 554.7134 रात
265.60266 341.3274 351.74463 276.0199 127.31195 87.47987 107.28406 147.11613 वह
360.0511 444.71613 455.59058 370.92554 77.631 33.096207 53.769638 98.30443 यह
269.43842 444.1966 454.6922 279.93402 164.38097 75.462814 96.09071 185.00887 समझता
