92.87675 119.527596 122.35494 95.704094 291.55014 286.27335 300.5532 305.83 एक
92.93336 117.22674 119.85931 95.565926 318.34882 313.5608 326.9179 331.70593 बम
104.17343 158.55438 158.51443 104.133484 428.4101 428.4933 454.60645 454.52325 पहर
136.50934 174.58096 174.43954 136.36792 236.64966 236.84906 263.85028 263.65088 लेट
142.47295 164.85313 148.92754 126.54735 324.73285 337.00616 366.0462 353.7729 फिर
185.72676 215.11757 221.95503 192.56422 351.70248 344.2952 371.42496 378.83224 तुम
192.49643 226.7774 232.63742 198.35645 384.58508 375.9626 399.26068 407.88318 एक
199.06927 248.87332 255.29877 205.49472 412.1221 399.62125 425.22043 437.72128 आनंद
204.71996 240.06432 247.05135 211.70699 440.99976 432.14746 460.04437 468.89667 और
200.6164 249.32083 257.15054 208.4461 475.75662 463.58823 494.92685 507.09525 चीज
209.45868 257.07358 265.7019 218.087 520.57306 508.71674 543.36786 555.2242 कोई
