260.4048 324.5631 327.46606 263.30774 324.3859 319.8021 360.4341 365.0179 घर
142.22502 189.73802 189.66356 142.15056 161.84074 161.96721 189.94405 189.81758 दिन
194.4234 237.52097 244.70587 201.6083 329.21613 318.34082 346.81378 357.6891 वह
285.6287 394.44675 404.6841 295.86606 161.01955 105.88411 126.089035 181.22447 कर
97.52679 163.08044 163.08765 97.53399 373.91818 373.90018 400.09116 400.10916 वक्त
190.13759 234.55598 239.77818 195.35979 403.69064 392.53 413.31387 424.47452 नाम
-5.03405 99.094696 113.96876 9.840012 85.17704 20.786064 44.839394 109.23037 निगल
3.1114883 81.581 91.530304 13.060791 133.41939 86.98018 103.79176 150.23097 जाय
148.87387 178.50098 178.50543 148.87833 401.18857 401.18106 418.71115 418.71866 हम
263.8493 294.1568 295.6195 265.312 289.486 287.32352 307.82388 309.98636 एक
201.9554 244.74474 253.22365 210.43431 450.97815 440.27222 474.16064 484.86658 भरी
210.16931 242.24695 251.04132 218.96368 489.46478 483.05536 527.069 533.4784 हुई
