17.354286 58.26568 69.171165 28.259773 114.21295 106.68196 165.92502 173.45601 करने
135.87296 186.92728 187.00345 135.94913 32.012978 31.844978 54.990807 55.158806 पास
455.81293 594.8138 627.633 488.63214 352.91342 291.91763 366.70816 427.70395 देश
14.361393 34.074657 39.32597 19.612705 66.29678 62.51657 89.90141 93.681625 शब्द
167.00677 238.20511 238.25577 167.05743 4.8510733 4.7257347 33.502853 33.628193 मगर
248.41371 293.61713 293.66748 248.46407 4.875067 4.7954865 33.405304 33.484886 अब
2.6415405 31.478458 37.612865 8.775948 397.05054 390.0885 415.49744 422.45947 एक
90.608 152.65298 147.59064 85.54565 294.47107 314.2506 330.13037 310.35083 पर
72.30515 210.92084 211.43088 72.81519 110.72324 109.73544 181.30777 182.29556 रचनात्मक
120.63964 152.99258 153.02914 120.6762 5.9581547 5.9093304 30.130762 30.179586 हुए
376.74146 559.749 602.20123 419.19366 147.21982 49.809265 129.56519 226.97574 शहर
