41.55452 87.52699 88.20613 42.233658 295.8958 294.50018 316.8711 318.26672 पर
538.63556 593.2028 593.94366 539.3764 234.62491 233.50507 269.60443 270.72427 तेज
298.82086 356.58203 376.79224 319.03107 367.50076 319.01505 343.09152 391.57724 और
96.39578 167.4602 194.8594 123.79498 196.33975 143.19455 179.83206 232.97726 साल
126.6125 184.98323 211.93086 153.56013 275.0843 232.93738 270.25806 312.40497 एक
191.36653 247.92958 273.25928 216.69624 227.48987 186.58743 221.6153 262.51773 बार
365.31503 413.07986 414.9351 367.17026 228.97333 225.41232 250.29727 253.85828 वह
160.08298 247.72269 284.7133 197.07358 144.70326 79.51982 129.25401 194.43745 प्रकाश
24.856308 51.013313 51.246002 25.088997 277.06406 276.39847 285.54263 286.20822 अब
474.8544 538.89746 539.567 475.52402 236.12643 234.79065 266.89462 268.2304 बहुत
247.242 335.6541 375.1624 286.7503 205.59807 142.73398 198.29848 261.16257 बारह
