100.901855 148.03752 144.61723 97.48157 308.2024 323.4615 334.0268 318.7677 कंठ
6.6443787 77.88907 77.981445 6.7367554 30.589338 30.431274 72.068695 72.22676 आनन्दसिंह
16.378382 48.58097 57.045418 24.842829 81.46247 75.473564 120.987236 126.97614 उनके
26.824749 54.56975 63.75542 36.010418 133.16406 127.952515 176.8548 182.06635 ऐयार
141.72441 181.22935 181.30925 141.8043 26.248907 26.127228 52.0624 52.184082 दिन
146.76839 177.20345 177.30162 146.86656 70.421165 70.24993 87.701515 87.87275 भर
29.940365 100.09029 100.533936 30.384014 206.7457 206.03415 249.77213 250.48367 उत्पादन
184.9599 271.13867 271.2674 185.08862 10.617695 10.351124 51.968388 52.23496 मदद
426.6814 581.63855 619.2991 464.3419 174.08301 94.76141 168.33234 247.65393 पर
504.2948 563.11334 562.9779 504.15936 6.8773956 7.1649017 34.866795 34.57929 नजर
195.80537 228.27364 228.3809 195.91264 129.5687 129.38513 148.35818 148.54175 बचपन
108.93202 148.92259 148.93837 108.9478 5.3948298 5.3572464 22.154285 22.191868 रतन
163.1641 201.77524 201.78903 163.17789 5.4086494 5.37492 21.179073 21.212803 आज
469.30478 578.85474 601.1814 491.63144 304.52997 254.71198 303.80853 353.62653 कह
461.26083 564.31384 588.9221 485.8691 376.71237 335.26425 396.44815 437.89627 रही
