288.75272 321.41806 308.4565 275.79117 137.79611 160.37912 179.12747 156.54446 हर
79.8972 173.93939 174.53035 80.48816 197.77708 197.17389 289.3094 289.9126 उसे
81.79959 337.815 338.23502 82.219604 322.50146 321.36316 415.82947 416.96777 पहचानती
-2.5955658 43.33634 51.234787 5.3028793 114.00339 96.659195 117.576324 134.92052 हम
-2.5116577 43.763542 51.35326 5.07806 158.81601 141.81644 162.47668 179.47626 यह
313.17722 485.32016 485.9138 313.77084 202.25468 201.31091 309.58466 310.52844 संगत
2.5967722 29.602348 29.779633 2.7740564 55.270958 55.042946 76.04075 76.26876 हम
526.13257 585.9298 550.42175 490.6245 14.263016 80.239136 112.42175 46.445637 कारण
398.16705 427.5027 424.52142 395.1858 130.98723 133.33162 170.63612 168.29173 पेट
52.917244 98.931526 105.972725 59.958443 125.77793 108.721924 127.71793 144.77394 यह
