427.10373 534.40894 549.6426 442.33743 411.77612 366.5821 402.75183 447.94586 इनकी
103.32071 144.9003 152.4586 110.87901 114.94646 109.04515 162.29958 168.20088 दशा
14.635217 37.781933 41.93537 18.788654 404.95435 399.3703 416.58685 422.1709 रात
428.42413 577.94904 620.7851 471.2602 156.5953 79.108765 161.7691 239.25565 रही
12.908813 57.48993 57.55313 12.972015 53.91199 53.79966 78.88306 78.995384 कहकर
21.139406 51.2769 58.77617 28.638674 94.849495 89.24661 129.5846 135.18747 करके
502.2292 578.1029 577.9671 502.0934 6.7919807 7.1628532 34.94006 34.569187 उनका
89.44487 129.51135 126.69983 86.633354 301.08853 313.99435 322.7228 309.817 यह
86.34777 124.378716 121.50111 83.47016 317.50446 330.06946 338.77924 326.21423 वह
153.66798 253.09798 253.22707 153.79707 6.896824 6.6023674 50.190887 50.485344 उनके
