14.718216 87.998886 89.01154 15.730873 311.04742 308.55664 338.34998 340.84076 लोग
109.824165 158.47565 182.84311 134.19162 235.76723 217.19049 281.00757 299.5843 एक
150.45786 237.15936 279.06686 192.36536 191.08286 127.696045 185.01779 248.4046 औरत
251.86493 294.26074 320.42407 278.02826 97.22904 84.70233 173.2504 185.7771 को
131.77972 182.56985 211.34326 160.55313 293.2676 273.8743 349.23038 368.6237 जोर
437.11896 462.23328 453.8813 428.76697 19.651001 37.105957 49.122864 31.667908 वह
189.8988 237.0297 270.306 223.17511 282.86078 266.27734 360.85016 377.4336 की
252.5817 326.5452 361.84378 287.88028 287.42334 236.24927 287.26746 338.44153 तरह
5.9639435 34.022163 32.36526 4.30704 167.12054 170.05112 185.91473 182.98416 वह
5.1261787 34.455395 32.45731 3.1280923 137.86937 140.96843 159.87804 156.77898 वह
