100.61994 218.59064 278.6411 160.67041 165.48822 121.39334 282.05127 326.14615 अब
10.118488 100.75601 101.93663 11.299107 302.99643 300.10397 337.09964 339.9921 कम
539.98694 596.38354 609.75037 553.35376 24.218296 5.205387 44.854275 63.867184 घर
222.30997 283.34683 309.9313 248.89444 204.613 160.50824 197.29868 241.40344 पास
252.58928 286.50418 309.63873 275.72385 253.05789 242.30563 315.277 326.02927 रहे
5.932026 62.530933 63.07147 6.472561 276.52512 275.09952 296.56003 297.98563 बच
360.20792 392.72232 389.77927 357.26486 50.39209 55.9235 73.22311 67.691696 पर
509.36325 559.3821 572.77954 522.76074 136.08498 112.50218 140.91805 164.50084 नई
164.90976 191.3439 215.85602 189.42188 316.01434 306.2379 372.51532 382.29175 ही
198.69072 251.27318 276.99872 224.41628 321.00934 284.30762 321.16455 357.86627 तरह
302.00998 359.69705 376.39603 318.70895 370.42337 322.13754 342.0878 390.37363 जाए
