40.436832 106.48558 107.40143 41.35268 312.21152 309.93228 336.47202 338.75125 धज
94.35021 136.75885 158.28848 115.879845 232.36098 215.88474 271.30035 287.7766 उस
114.10988 161.5667 192.58943 145.13261 283.2209 264.78333 344.63348 363.07104 कोई
182.03107 219.06284 238.38474 201.35297 259.95294 246.92639 301.85443 314.88098 यह
339.46896 392.3116 388.1954 335.35275 36.184883 45.158424 69.39764 60.424095 इस
233.24527 308.1127 341.50766 266.64023 184.2548 160.60431 266.31836 289.96887 जगह
361.05676 401.41187 403.19324 362.83813 227.05841 224.03192 247.78497 250.81146 पर
549.93463 595.59064 604.6363 558.9803 29.18112 13.755558 40.528442 55.954006 गयी
104.69608 152.96703 178.67038 130.39943 164.64694 128.18616 162.21515 198.67593 मच
129.97206 178.84526 204.41975 155.54655 197.50735 179.63351 249.56293 267.43677 गयी
188.11453 236.65875 260.71844 212.17422 193.10406 157.51675 190.33624 225.92355 जब
