53.59166 106.25882 118.93013 66.26297 94.30156 85.9261 165.60674 173.9822 करके
139.13211 243.30582 243.4379 139.26419 7.8270254 7.51165 51.13725 51.452625 कम्बल
463.54605 538.6033 553.37415 478.31693 98.37918 58.35356 86.05235 126.07797 चार
461.3592 532.48755 545.74786 474.6195 177.50954 141.6664 167.98064 203.82378 चार
0.16921234 46.958195 51.89396 5.1049767 396.55072 385.22925 405.62756 416.94904 खयाल
21.32621 103.64894 104.33173 22.009003 191.78865 190.92935 256.3435 257.2028 खुल
241.36229 302.20074 302.27032 241.43187 3.2058492 3.0818634 37.238728 37.362713 उसी
384.6977 598.25555 649.0224 435.46454 340.913 243.62411 355.06198 452.35086 उसे
421.89075 462.82507 471.24854 430.3142 122.035194 100.22885 116.041145 137.84749 उत्तर
417.9582 465.84558 477.45227 429.56488 148.60353 123.54164 145.71928 170.78117 दिया
463.93344 553.9094 562.2383 472.26233 133.095 86.2953 102.30826 149.10796 तलवलकर
