136.07289 195.16243 195.20006 136.11052 14.349871 14.241165 34.687042 34.795746 ऊपर
508.24243 533.37665 520.7617 495.6275 -0.25265884 7.168953 49.890923 42.46931 रही
0.13996887 41.388435 47.546967 6.2985 394.38193 384.41226 409.8926 419.86227 दसेक
88.42937 140.2103 134.04944 82.2685 294.7196 311.25024 330.54865 314.018 बैठ
205.38867 272.344 272.41327 205.45795 16.176317 16.00893 43.720993 43.88838 एडीटर
397.6746 446.1041 452.38315 403.95364 372.82532 351.46906 365.70807 387.06433 एक
444.01474 561.32263 570.88696 453.5791 352.3905 300.66058 322.34973 374.07965 सुनसान
395.57156 444.28714 452.2794 403.5638 399.217 378.2134 396.75058 417.75418 कई
397.47446 443.8596 449.5151 403.12997 433.76587 414.39978 427.9458 447.3119 एक
445.38116 485.84106 491.58575 451.12585 413.7644 396.8722 410.6317 427.52393 पर
485.16296 582.0736 590.0541 493.14343 391.7056 351.048 370.07004 410.72763 शिवदत्त
8.058623 33.81714 40.066864 14.308349 107.25264 102.214386 134.1667 139.20496 एक
47.621323 80.277954 80.41243 47.7558 107.10334 106.94084 133.96597 134.12846 उच्च
19.97773 53.947 54.13777 20.168503 164.37418 164.1211 189.72562 189.9787 स्तर
28.986551 48.218307 55.891014 36.659256 207.54839 203.73296 242.40724 246.22267 की
63.229206 96.48392 96.721146 63.466434 218.11519 217.78944 242.00731 242.33305 परत
19.499294 81.01807 96.8483 35.329525 12.520117 2.395134 98.57868 108.70367 जगत
