121.57312 204.14258 238.83627 156.26682 229.91487 169.60373 217.10146 277.4126 आज
212.40671 295.1434 330.62766 247.89096 161.90761 101.47432 150.0543 210.4876 कल
150.08476 275.37653 319.9737 194.6819 320.8089 233.5531 297.5907 384.8465 एडवेंचर
530.42334 596.0597 596.7699 531.13354 243.81474 242.51895 278.49414 279.78995 उस
5.9558353 28.889145 28.79954 5.866231 172.1352 172.21042 199.52896 199.45374 गई
311.29663 356.58282 372.5735 327.2873 362.65018 324.7443 343.84836 381.75424 यह
473.78027 535.07465 535.803 474.5086 238.70975 237.46548 273.34384 274.5881 इस
0.7526512 103.17351 104.37979 1.9589424 302.26794 299.026 337.13574 340.3777 गया
431.89822 464.33432 457.00565 424.56955 279.64578 293.7645 310.60123 296.4825 पर
464.1778 503.16516 495.90936 456.922 293.69638 310.66684 327.33603 310.36557 मना
