192.43375 244.20111 258.87845 207.11108 157.74738 128.2985 154.0994 183.54828 जमीन
211.09024 239.25464 253.6766 225.5122 192.92108 176.96829 202.43005 218.38284 देश
283.52142 332.34857 332.31476 283.4876 25.233154 25.2714 68.42013 68.38188 एक
349.2539 410.71307 410.67792 349.21875 9.8762665 9.918488 61.073883 61.031662 चील
284.30283 366.8906 366.8398 284.25204 80.45264 80.56908 116.60434 116.4879 आराम
0.42768288 43.43692 65.599205 22.589968 45.299236 26.501816 77.20998 96.0074 कहते
548.51733 629.50183 595.7544 514.7699 49.423767 169.59024 192.33383 72.16736 लिए
248.1396 298.09317 315.22095 265.26736 163.804 135.5045 165.73802 194.03752 आटे
183.69727 283.308 283.2897 183.67896 37.368347 37.40619 85.59227 85.55443 जमादार
41.79083 75.83029 91.75026 57.710796 33.613716 12.0084 37.090515 58.69583 एक
240.86426 284.99982 303.11273 258.97717 212.32167 187.42986 219.54576 244.43758 इस
