316.50098 387.88196 388.1883 316.8073 256.0863 255.45361 290.01526 290.64795 काट
308.03897 399.26608 399.39743 308.17032 313.06708 312.81598 360.5288 360.7799 सकते
353.8115 446.13327 446.08896 353.76718 29.790161 29.874397 78.44597 78.36173 भाषण
244.94904 295.39355 311.60944 261.16492 206.96626 178.49583 207.22746 235.69789 सब
561.19794 609.68256 590.7287 542.2441 57.464355 129.96718 142.64214 70.13931 यह
28.154694 68.6198 87.85378 47.388676 34.944046 9.260284 39.563675 65.24744 पर
51.577553 139.50256 140.79807 52.87304 103.85857 102.1051 167.06514 168.8186 फिर
45.30048 171.22713 171.67926 45.752613 234.20877 232.93265 277.54855 278.82468 उठकर
34.541847 110.33666 110.402504 34.60769 317.29593 317.2172 380.61276 380.6915 बैठ
262.9593 346.11 346.09918 262.9485 20.29026 20.303291 89.288506 89.275475 छूकर
572.5042 597.5378 598.8016 573.768 120.02884 119.6815 210.76376 211.1111 हुई
519.67706 573.30853 573.44977 519.8183 310.23352 310.01764 345.1073 345.32318 और
242.92651 282.5747 303.6942 264.04602 154.41275 131.94492 169.21375 191.68158 गई
536.6333 570.18823 561.0454 527.4905 70.80393 119.2255 125.56121 77.13964 कर
-1.8306751 37.223663 54.638832 15.584494 72.86867 48.194466 75.7592 100.4334 सचिव
