206.64142 273.65253 292.92514 225.91402 157.97292 119.92146 153.86177 191.91322 इधर
228.22562 291.76492 313.29623 249.75693 193.49185 157.5947 195.7059 231.60306 आये
2.7271042 184.53421 184.68896 2.8818436 226.6461 226.46399 380.95966 381.14178 झूठ
343.9938 375.3351 374.12833 342.78702 19.331146 20.307877 59.03144 58.05471 वह
341.12952 431.98157 431.93738 341.08533 80.14094 80.264366 112.77935 112.65592 सरफराज
544.3716 622.3491 595.3948 517.41724 66.15643 179.98138 198.4469 84.62195 जाओ
53.846706 76.941216 88.61049 65.51598 33.27832 23.84446 52.411377 61.845238 मन
340.47348 484.04996 484.25296 340.67648 250.79092 250.55295 373.0253 373.26328 उस
268.27505 334.2689 334.2142 268.22037 18.324432 18.384644 78.343895 78.28368 कर
547.86664 591.95807 577.7531 533.6617 49.815315 115.17578 124.75826 59.3978 क्षण
10.921453 47.721436 68.352104 31.552122 35.351334 19.53389 67.53203 83.34947 आने
211.70547 249.30566 245.5297 207.9295 259.47403 262.83755 305.0483 301.68478 कई
203.90616 247.54932 247.71066 204.0675 306.2465 306.06412 344.6752 344.85757 दफे
258.81384 294.1327 294.24597 258.92712 317.0337 316.88275 343.38574 343.53668 वह
200.29575 236.88992 236.90277 200.3086 360.13068 360.1131 386.86 386.87756 इस
250.21875 299.57098 299.58575 250.23352 359.96417 359.9359 385.76282 385.79108 शहर
212.11795 247.9581 247.95715 212.117 11.455433 11.456932 34.368492 34.366993 जल
214.13031 246.05139 246.28027 214.35919 53.87954 53.660446 87.008446 87.22754 भुन
