310.3667 383.17688 383.35162 310.54144 302.5901 302.32477 350.2746 350.53992 खुश
245.4594 293.88705 312.0191 263.59146 208.19003 180.87363 213.01892 240.33533 और
15.951578 48.63247 71.36186 38.68097 24.36232 10.469864 63.938934 77.83139 रही
215.44754 336.43274 336.42245 215.43724 18.368965 18.38491 96.515144 96.4992 अगर
381.97607 538.5731 539.0231 382.42603 242.3307 241.59534 337.40942 338.14478 वह
60.316048 82.40484 93.820854 71.73206 52.864662 38.93473 57.03717 70.9671 यह
336.78513 409.1022 409.00717 336.6901 54.264038 54.369003 119.85831 119.75334 कर
542.0445 583.8432 569.36346 527.56476 75.989655 136.42279 146.43774 86.00461 एक
10.460072 63.965084 64.450195 10.945179 232.44574 231.91315 280.64655 281.17914 और
89.2672 180.73595 181.21458 89.745834 232.31604 231.40546 279.48425 280.39484 उसकी
8.973774 61.069134 61.264606 9.169247 298.88376 298.6661 345.45425 345.6719 ओर
85.88759 134.02686 134.1681 86.02884 312.61322 312.43964 351.61267 351.78625 इस
253.86963 287.33026 296.557 263.09637 168.31703 149.34169 165.6119 184.58723 उठा
414.17395 499.94543 494.667 408.8955 3.7842712 8.758911 99.76822 94.79358 गोल
