9.071915 39.090546 56.755447 26.736816 50.689568 37.662453 78.36802 91.395134 तट
52.824005 79.12331 96.0188 69.7195 22.699043 11.998085 53.521423 64.22238 पर
231.69334 309.43835 323.75793 246.01292 209.87512 165.95865 191.3085 235.22498 उसका
531.2213 566.07983 555.80396 520.94543 77.70915 127.47894 134.6761 84.90631 उस
566.44324 601.746 591.2666 555.96387 127.99768 178.4017 185.7414 135.33737 रात
293.82816 332.88803 332.24222 293.18234 8.68782 9.144249 64.4133 63.95687 यदि
292.56985 334.9835 334.93637 292.52274 88.12766 88.1896 120.458885 120.39695 आप
354.2865 393.42365 391.6294 352.49225 74.05829 75.46382 125.42532 124.01979 ऐसा
2.185607 24.312836 35.314453 13.187224 34.8364 20.641136 37.790188 51.98545 कर
29.681883 52.700447 63.762802 40.74424 17.063107 2.2960281 19.539757 34.306835 उस
198.93329 254.26831 272.96118 217.62616 148.39236 116.92502 149.79626 181.26361 चलो
552.5606 619.55817 596.9842 529.98663 52.716507 152.32178 167.50572 67.90046 उठाई
384.9284 455.11432 455.06787 384.88196 10.637108 10.692764 69.25511 69.199455 अपने
