201.74997 272.6048 272.58997 201.73515 31.702248 31.723923 80.115036 80.09336 कान
232.45042 286.18658 306.2799 252.54375 209.4501 179.13501 214.75217 245.06726 और
0.48656464 20.352463 30.65832 10.792421 33.745525 25.112446 48.827625 57.460705 भर
15.12602 36.368835 47.787178 26.544363 67.43291 58.20146 84.47664 93.708084 वह
41.42418 69.87784 83.193924 54.740265 54.817238 36.84156 57.919548 75.895226 एक
551.3329 594.4706 580.93677 537.7991 56.303818 120.18871 129.32726 65.44236 उस
377.28806 412.78183 410.3273 374.83353 30.95578 32.526733 87.98372 86.412766 रहे
422.28723 471.70245 468.4131 418.99786 31.391823 34.444656 87.688545 84.63571 और
544.1327 603.65454 582.78015 523.2583 80.31828 166.2936 180.74525 94.76994 कर
282.2415 321.38602 321.36642 282.2219 18.360416 18.382946 52.450085 52.427555 उस
341.6411 369.75977 368.70398 340.58533 17.539223 18.389313 53.311226 52.461136 पर
281.82092 336.15564 336.08954 281.75482 69.084435 69.160805 116.205864 116.12949 फबते
16.626474 36.764984 48.093246 27.954737 13.829161 5.318447 32.123985 40.6347 जोर
