53.017307 76.99252 77.038605 53.06339 61.20066 61.139763 79.28329 79.344185 तरफ
78.42062 87.43231 92.1857 83.17401 51.977795 50.48819 79.24483 80.734436 से
95.783966 118.825714 118.871704 95.829956 61.126575 61.068054 79.17705 79.235565 आप
57.47401 78.00052 83.157135 62.630627 85.609184 82.07105 111.987206 115.52534 सभी
499.18085 545.2556 545.1619 499.08713 4.359602 4.5362225 28.98416 28.807539 नकली
545.3415 593.1131 593.0263 545.2547 12.570717 12.781857 32.41886 32.20772 बलभद्र
435.43622 492.279 506.0127 449.16992 312.25742 287.04276 318.0034 343.21805 और
432.7024 509.25787 522.2403 445.6848 365.31534 331.78757 361.43094 394.9587 उनकी
431.15112 510.18304 522.8903 443.8584 415.43628 382.31152 412.62964 445.7544 कमाई
191.95549 244.71465 244.78761 192.02846 18.037317 17.898457 45.626854 45.765713 शरीर
1.0126934 27.98668 33.272484 6.298499 390.3353 385.5065 415.03342 419.8622 दिए
87.75734 151.83974 146.74327 82.66087 298.27875 318.85138 334.7265 314.15387 पर
6.4206142 50.94159 63.441 18.920027 95.784805 87.507614 154.73888 163.01607 हम
29.823103 66.184586 77.425476 41.063995 208.13719 201.267 260.76105 267.63123 पर
440.76364 594.4824 635.4435 481.7247 138.93588 58.61908 137.01462 217.33142 और
95.66871 161.47235 161.7568 95.95316 139.41176 138.94939 179.43224 179.8946 एसबीएम
166.65723 198.65143 203.43146 171.43726 139.04106 135.29305 176.09682 179.84483 शहरी
