231.4035 289.35388 309.45062 251.50024 210.03271 177.34018 212.96341 245.65594 एक
335.17908 432.97125 432.86267 335.0705 16.354027 16.475548 103.83281 103.71129 बार
0.057803154 24.644308 38.06628 13.479776 36.65092 25.946136 56.773426 67.47821 जब
32.687416 53.290977 66.156685 45.553123 16.021053 7.4643593 38.443535 47.00023 वह
537.0639 571.4384 558.2233 523.8488 81.89641 131.1245 140.3522 91.124115 वह
569.99713 602.0932 590.46954 558.3735 129.06032 175.02531 183.14183 137.17683 घर
355.28387 413.5514 413.9984 355.7309 200.45844 199.65033 231.88342 232.69153 उठा
347.1098 398.49078 398.75153 347.37054 264.592 264.15988 295.1638 295.59592 कर
265.07233 319.50067 319.46863 265.04028 50.55001 50.582848 103.691185 103.65835 लगी
31.529476 41.843098 47.705387 37.391766 50.01544 45.65484 59.520233 63.880836 इस
38.337265 52.17227 58.092262 44.257256 70.75513 62.008377 71.37222 80.11897 तरह
146.2691 259.70853 259.70828 146.26886 333.01474 333.01523 392.3677 392.36722 गया
301.46384 420.06064 420.0602 301.4634 298.40024 298.4008 392.36844 392.3679 और
209.4843 261.18372 272.5385 220.83907 151.77538 122.3539 142.3065 171.72798 अगर
52.802372 72.61003 83.179016 63.371357 13.873949 5.848484 31.933805 39.95927 ऐसा
64.25382 89.44506 97.27654 72.085304 47.7302 31.792114 44.170303 60.10839 भारत
7.9992447 158.01929 159.1737 9.153679 154.9876 152.92848 237.03624 239.09535 जीवन
12.425282 110.91968 110.98694 12.492535 295.2164 295.14163 383.76938 383.84415 और
