53.113716 186.84653 188.36774 54.63494 117.29085 115.13579 209.53566 211.69072 रहा
47.551834 173.6868 173.72871 47.59375 305.3565 305.29138 386.46814 386.53326 सब
236.92894 298.86218 313.17358 251.24034 206.9368 171.952 197.28738 232.27219 अन्य
546.5402 595.41815 577.34503 528.4671 73.29257 144.43555 156.85248 85.709496 कोई
61.575466 85.20998 96.474945 72.84044 26.269884 11.24551 28.966185 43.99056 बाग
367.49127 440.0503 440.8266 368.26758 186.28668 185.38083 247.55975 248.4656 पर
190.65335 269.0915 285.10098 206.66284 160.87962 116.28078 144.43745 189.0363 शराब
257.5241 335.45764 335.45258 257.51904 14.536194 14.542587 76.51201 76.505615 रेहन
23.791317 43.88586 56.463856 36.369312 19.851933 11.404705 41.325638 49.772865 और
471.17606 554.8141 555.37036 471.73233 216.39233 215.50302 267.8151 268.7044 उम्र
449.61853 555.2711 555.293 449.64044 339.40317 339.35452 386.92557 386.9742 साठ
567.7332 617.5822 597.419 547.57 57.76979 132.82265 146.2147 71.16185 मंच
380.9008 442.8928 442.83328 380.84128 29.809563 29.873482 87.57418 87.51026 चली
