292.20575 391.46063 391.33307 292.0782 22.088623 22.225815 114.50511 114.36792 छिप
79.36083 134.49521 134.99057 79.85621 175.07173 174.15114 203.81938 204.73997 जल
77.66208 121.739044 122.14281 78.06584 240.51749 240.08221 280.97 281.40527 भुन
73.66606 119.4059 119.5558 73.81596 303.52628 303.27628 330.70065 330.95065 कर
546.40094 603.2841 588.3953 531.51215 91.39372 173.0892 183.45601 101.76052 डॉक्टर
211.10541 247.02615 261.6731 225.75235 153.03616 132.61331 158.37512 178.79797 पर
232.2053 274.5702 296.05908 253.6942 194.04535 170.1171 208.16312 232.09137 एवं
14.879587 48.026245 62.978905 29.832247 48.81563 27.750938 51.27992 72.34461 आज
386.5321 582.34 582.412 386.60406 224.34682 224.26031 387.1317 387.2182 लिए
549.8919 608.99725 591.18646 532.0811 51.46338 139.16519 151.16855 63.46673 गया
253.83426 293.98428 305.90518 265.75516 152.89069 130.10199 151.1047 173.8934 अब
198.04938 287.83084 287.82578 198.04431 12.609398 12.614502 101.85772 101.852615 तक
