1.863348 52.332596 65.670944 15.201696 75.01553 43.084473 64.16666 96.09772 भगवान
55.52479 81.80854 98.31413 72.03039 24.512669 13.843056 54.503277 65.17289 करे
285.02676 421.50327 421.3939 284.9174 8.595215 8.758408 100.22196 100.05877 साहस
202.7691 240.61053 253.89896 216.05753 164.00577 142.49722 165.8764 187.38495 पर
229.04858 300.38745 313.424 242.08514 208.04715 167.72495 190.78949 231.1117 समान
89.49815 154.96739 155.16545 89.69621 292.0261 291.63535 324.8218 325.21255 आज
174.1064 248.9322 249.20619 174.38039 278.8027 278.3561 324.2606 324.70718 अपने
9.698559 42.142467 58.265118 25.821209 35.365063 14.656967 39.916737 60.624832 झपटी
205.81927 238.93158 238.90707 205.79477 69.057465 69.083725 100.00374 99.97748 हम
243.97488 286.37827 300.94016 258.53677 155.39124 131.33054 156.99371 181.05441 दल
94.57309 169.06815 169.58566 95.09061 233.17563 232.49915 289.48965 290.16614 हुआ
361.7174 459.4937 459.8479 362.0716 262.27347 261.61777 314.4349 315.0906 फौरन
352.15244 415.65726 415.68454 352.17972 331.79086 331.75925 386.55875 386.59036 कई
429.8484 492.0462 492.0835 429.88568 344.8333 344.76746 379.99835 380.0642 बार
