31.523964 160.1984 161.65854 32.984093 115.01744 112.80444 197.70311 199.9161 उस
26.56665 172.34512 172.35435 26.575882 317.70352 317.68515 390.89474 390.91312 वक्त
26.946163 42.605656 51.36182 35.702328 27.721539 21.137524 41.963276 48.54729 यह
35.430843 55.25227 66.80795 46.98653 47.9016 39.56771 67.05188 75.385765 चोट
62.705654 82.004295 91.68866 72.39002 44.006443 31.794262 47.098255 59.310436 अब
559.1136 594.5108 580.90765 545.51044 51.627464 104.66267 113.74175 60.70655 और
348.06036 438.57257 438.503 347.99078 29.77253 29.872276 93.01653 92.91679 शहर
-0.2938366 23.558489 35.439423 11.587099 41.492397 26.223171 44.78259 60.051815 कहा
13.5956955 32.19619 41.82427 23.223774 71.62113 59.837685 75.03588 86.81933 तब
547.25885 620.6224 596.1701 522.8066 75.65712 182.3371 199.15288 92.47291 एक
209.12108 254.51372 269.12036 223.72774 162.53648 136.74873 162.45998 188.24773 कर
234.5616 279.536 293.81927 248.84486 210.74348 185.34428 210.63567 236.03487 बस
348.75946 500.8872 501.63855 349.5108 203.07695 201.5929 278.6137 280.09778 तरबूज
338.44952 439.7519 439.9546 338.65222 285.46902 285.19992 361.51437 361.78348 फटी
200.35117 331.0235 331.01248 200.34016 18.366974 18.384201 101.90898 101.891754 सर्वनाश
