34.419697 60.489178 71.377914 45.30843 31.126999 14.487534 31.547188 48.186653 जान
259.2532 459.56015 459.569 259.26205 264.89404 264.88 391.50592 391.51996 आदरणीय
227.88322 289.9599 309.4041 247.32744 213.54355 178.52313 212.98962 248.01004 पर
274.55804 379.08044 378.9624 274.44 8.628227 8.75811 103.76582 103.63594 उसके
67.254364 86.8356 97.734726 78.15349 38.876427 30.984016 58.02497 65.91738 और
62.737366 230.65091 230.99445 63.080902 246.08073 245.56458 357.3238 357.83997 दिल
238.37715 273.40607 288.0345 253.00557 144.6384 124.73602 150.48254 170.38492 पर
416.12036 495.8551 495.77466 416.03992 29.79486 29.888351 98.50699 98.4135 कर
24.24896 74.51196 75.343124 25.080122 120.646706 119.60567 159.7356 160.77663 और
22.246851 80.30357 80.90861 22.851885 166.62424 165.63669 201.20557 202.19312 उसी
20.213722 74.267944 74.62979 20.57557 218.36531 217.65755 245.29305 246.00081 तरह
81.21676 177.02518 177.39035 81.58193 217.31366 216.05911 243.94754 245.20209 व्यवहार
217.77435 264.01007 263.99762 217.76189 27.910423 27.922272 76.4499 76.43805 लिए
