43.38896 67.10898 77.96528 54.245262 29.57074 14.449768 31.479874 46.600845 उस
3.616745 177.3019 177.54799 3.8628387 217.49802 217.22641 374.5977 374.8693 कहने
545.531 609.0011 588.7593 525.2892 83.643906 175.23483 189.26192 97.671 काम
0.541811 36.41958 55.824272 19.946508 35.009834 19.409874 64.03801 79.63797 एक
407.20392 515.7377 516.71814 408.1844 175.88605 174.68857 263.55072 264.7482 कई
392.0916 491.8968 492.03253 392.22736 298.00403 297.81787 370.60406 370.79022 रोग
196.17578 308.8013 308.82547 196.19995 343.60733 343.54288 385.75754 385.822 उत्पन्न
330.7285 397.1412 397.16556 330.75284 343.205 343.16696 385.70694 385.74496 कर
237.56491 286.81735 303.6199 254.36746 218.73886 190.96524 220.76212 248.53574 बीच
551.33295 608.60187 596.8868 539.61786 56.303787 141.11646 149.02695 64.21428 शरीर
