332.98373 408.4517 406.113 330.64505 25.923988 27.959282 114.676994 112.6417 लोभ
192.056 248.76764 279.10928 222.39764 167.78778 135.66907 189.24298 221.3617 तुम
385.57544 450.2528 450.81555 386.13818 181.53186 180.56052 218.03052 219.00186 कर
477.22467 553.82086 554.76154 478.16534 154.98273 153.8324 216.46939 217.61972 और
373.48227 430.31253 430.61234 373.78207 266.0898 265.66544 305.81308 306.23746 वह
419.14636 487.4491 487.41107 419.10834 14.504181 14.555046 65.58079 65.52992 उठा
255.84958 293.59067 308.48306 270.74197 206.90465 185.61006 212.00429 233.29887 वह
23.649872 171.74834 172.7623 24.663834 166.74536 164.75797 240.31735 242.30475 बात
19.496422 171.51822 171.62958 19.60778 304.88547 304.64206 374.18167 374.42508 आप
267.91586 304.96347 305.10257 268.05496 301.13043 300.91077 324.3708 324.59045 सर
262.41833 304.7807 304.81323 262.45087 353.23917 353.1785 375.90384 375.9645 तक
323.0592 381.2868 381.3369 323.1093 340.88815 340.80472 375.79416 375.8776 लपेट
