-2.2683105 48.60765 77.07756 26.2016 26.181374 4.085457 69.63757 91.73349 लोग
80.30696 168.20248 168.73355 80.83803 237.33559 236.681 307.99017 308.64474 इसने
77.39986 145.12976 145.2175 77.487595 315.54358 315.4453 375.92047 376.01874 कैद
205.0768 255.92851 273.8247 222.97298 165.12042 136.25333 167.77887 196.64597 एक
223.01843 290.67645 312.18158 244.52356 199.4965 161.28334 199.35909 237.57225 उठते
373.13647 472.6833 472.6131 373.06628 35.468887 35.583252 96.673874 96.55951 अपनी
395.76144 492.88602 493.85196 396.7274 164.82529 163.514 235.05829 236.36957 वह
378.37988 491.06128 491.2215 378.5401 301.78693 301.48328 360.93744 361.2411 कम
61.21255 87.08615 100.24399 74.37039 23.335903 6.893238 27.597958 44.040623 शक
47.363068 110.32614 110.890396 47.927322 157.98097 156.83864 187.93925 189.08159 ऊपर
131.62648 177.81728 178.47334 132.28255 156.24155 155.42776 192.66638 193.48016 एक
46.289543 97.36782 97.74117 46.662895 218.42517 217.76364 246.59192 247.25345 आध
45.135338 82.76776 80.88523 43.252804 262.62195 264.05066 313.63635 312.20764 इंच
223.92981 305.22437 305.22382 223.92926 8.75708 8.757614 92.86818 92.867645 एक
