496.15506 537.01953 537.2051 496.3406 284.1247 283.8379 310.271 310.5578 यह
568.4311 595.5728 597.03326 569.89154 101.2766 100.84122 191.88968 192.32507 दूर
295.47296 381.25494 380.0511 294.2691 7.7016754 8.758118 106.508484 105.45204 यह
4.3779984 80.835915 97.441086 20.98317 71.72557 23.434875 49.72558 98.01627 अमरकान्त
276.46906 395.10693 395.20367 276.5658 312.57983 312.3943 374.25732 374.44287 काम
226.34464 296.32486 296.30814 226.32791 26.009827 26.026031 98.272285 98.25608 घर
249.67819 284.75607 300.6207 265.54282 153.69946 133.8042 161.77551 181.67078 उसे
271.38977 301.77527 314.75854 284.37305 195.08708 177.9304 200.92455 218.08122 वह
384.89484 433.85852 430.91852 381.95483 0.6552353 2.9403687 65.935905 63.650772 और
449.1982 507.50418 507.47427 449.1683 22.204872 22.246887 63.741234 63.69922 अन्य
196.38515 257.81506 273.16217 211.73228 156.0921 121.153656 148.13748 183.07593 अगर
2.0371141 33.388317 49.04295 17.691746 38.844704 18.819027 43.32714 63.352818 उनके
43.363426 62.967278 73.40936 53.80551 23.937435 11.415417 27.763031 40.28505 मन
