110.07233 181.07748 181.16068 110.15552 330.98367 330.80173 363.27377 363.45572 फख्र
197.43301 315.38333 315.44614 197.49582 330.23083 330.07294 376.9638 377.1217 महसूस
331.9954 394.80075 394.88553 332.08017 329.80286 329.6419 362.7262 362.88715 कर
410.8388 519.69037 519.77606 410.9245 329.24307 328.96414 362.40622 362.68515 सकता
241.43921 295.20038 295.18573 241.42456 29.816849 29.831963 81.96123 81.94611 टोक
1.295475 25.290318 36.86214 12.867299 27.105 11.678471 29.6776 45.10413 गया
20.029266 37.512344 49.33471 31.851631 61.72422 54.190376 81.62542 89.15926 वह
395.80362 479.9142 480.62985 396.51926 194.2102 193.20264 252.94507 253.95264 वह
309.52637 404.97015 403.1646 307.72083 10.92643 12.621178 114.3053 112.61055 वह
30.482502 75.06635 97.625656 53.0418 24.815746 6.173378 60.124706 78.767075 और
539.2117 612.82166 597.07874 523.46875 69.25545 175.8851 186.75298 80.12333 कागज
45.38765 172.22963 173.73155 46.889572 119.50368 117.4807 211.6522 213.67519 वह
42.179813 153.6513 154.09473 42.623234 251.11641 250.45758 325.48505 326.14386 रथ
419.14655 465.69928 462.6905 416.13776 11.755554 14.553276 64.61812 61.820396 पर
553.72534 615.6843 596.58215 534.62317 46.29001 138.94223 151.71637 59.064144 उचित
