290.636 390.4018 376.78082 277.015 264.6437 276.0223 395.44864 384.07004 थी
416.18823 588.4702 588.47644 416.19446 301.8867 301.87466 391.49698 391.509 इधर
233.74968 292.677 311.47107 252.54375 211.75319 178.50948 211.82353 245.06725 राय
383.4762 431.51074 431.49146 383.4569 22.223732 22.252533 54.38244 54.353638 तक
543.49243 609.05945 589.9397 524.3727 80.7021 175.31879 188.56828 93.95159 सबब
500.44562 558.6418 559.2061 501.00995 166.90753 165.95395 200.3949 201.34848 वह
194.82404 238.54916 259.2432 215.51807 146.07217 121.20703 157.59729 182.46243 हुए
228.26117 377.99335 377.99274 228.26054 8.757118 8.758095 105.55264 105.55167 असमंजस
558.7007 609.63745 592.56616 541.6294 63.19055 138.84488 150.33871 74.68438 रूप
320.99283 381.18173 379.73093 319.54202 78.84569 80.21683 143.90341 142.53227 पर
571.4916 612.56555 597.6637 556.5897 47.032684 109.60411 119.38617 56.81474 एक
