541.103 601.36865 580.8556 520.58997 66.7059 154.33978 168.4466 80.81271 करने
295.38925 380.85458 380.7692 295.30386 13.297775 13.390747 91.86626 91.773285 आने
413.64307 492.87048 487.84332 408.6159 4.952286 9.533249 96.47751 91.896545 और
250.43979 289.74716 306.84732 267.53995 165.60182 143.34004 173.53355 195.79533 उसे
120.54159 183.7558 184.43085 121.21664 164.35756 163.30733 203.93904 204.98927 कह
116.07247 172.97922 173.35132 116.44457 245.2437 244.69647 283.3919 283.93915 रहा
240.22702 293.224 293.21817 240.22118 14.53479 14.539139 85.60173 85.59738 हुए
434.6612 566.7819 567.6907 435.56995 184.48929 183.11884 270.7294 272.09985 लिए
223.83772 343.35223 343.60333 224.08882 284.06198 283.5831 346.25217 346.73105 उठा
368.91928 469.71567 469.95615 369.15976 282.73425 282.38806 352.3932 352.73938 हम
