554.7041 618.8738 595.83435 531.6647 59.95096 155.07541 170.6175 75.49304 हुआ
317.6669 396.6727 396.60593 317.60013 25.965927 26.04927 89.34375 89.26041 शब्द
8.860161 23.930336 33.431877 18.361702 40.723072 34.21339 56.20985 62.719532 और
25.646713 48.760033 59.654266 36.540947 34.05236 19.287735 36.34214 51.106766 उसके
16.010557 37.700813 48.271385 26.58113 67.60714 53.864647 70.548546 84.29104 भीतर
41.906452 61.192295 69.01912 49.733273 57.268997 45.04989 57.40323 69.62234 नजर
35.77199 100.255035 100.477646 35.994602 284.08008 283.64764 316.84485 317.27728 आज
30.754934 76.08527 76.09936 30.769018 352.90958 352.89127 387.77365 387.79196 यह
203.36255 316.07666 316.07605 203.36195 8.75695 8.757683 98.29418 98.29345 असर
42.52178 165.53952 166.56805 43.550312 162.01353 160.28981 233.69353 235.41725 बाद
406.20346 464.62314 464.60574 406.18607 12.980881 13.0105095 47.282513 47.252884 आया
479.04803 522.211 522.1936 479.03064 12.99218 13.014076 47.31173 47.289833 जब
204.55466 242.44254 257.026 219.13812 167.63246 146.11327 171.78975 193.30894 एक
222.74403 266.90912 285.1432 240.97809 202.48483 177.52899 209.79834 234.75418 जोर
49.279182 78.667885 85.91587 56.52717 72.034706 53.51812 65.02181 83.5384 उत्साह
328.02502 449.91864 450.45312 328.5595 223.3378 222.10501 274.95493 276.1877 पास
315.9268 478.18076 478.25308 315.9991 325.8305 325.59503 375.43726 375.67273 जाकर
