311.95627 578.244 578.475 312.1873 240.3584 239.8919 371.76672 372.23322 शायद
539.2559 615.4638 594.4389 518.231 70.63982 180.92712 195.45515 85.167854 जगह
10.107456 49.102436 65.264084 26.269108 33.999588 9.102341 34.415306 59.312553 इसका
290.11273 409.4242 409.2708 289.95935 10.520874 10.691299 118.08496 117.914536 बीस
232.94089 296.90115 311.1945 247.23422 212.23584 176.11646 201.42715 237.54654 गया
32.55873 242.09856 242.36089 32.82106 282.93524 282.05164 344.2616 345.1452 धन्यवाद
42.94409 50.291542 58.240143 50.892693 42.48028 39.426243 58.549107 61.603146 वे
55.735954 76.4992 84.39234 63.629097 43.110947 29.934677 42.37274 55.54901 मदद
52.33576 67.90245 75.57335 60.006653 71.34654 61.545197 73.72826 83.5296 कर
188.82623 274.76227 274.74353 188.8075 29.802078 29.826248 96.44629 96.42212 एक
32.286064 145.68457 147.1695 33.771004 123.34184 121.589645 217.69206 219.44426 कवि
572.01227 611.858 596.3282 556.4825 45.618477 106.41448 116.592705 55.7967 हठी
573.9287 610.3794 595.9021 559.4514 82.89363 137.14784 146.8744 92.62019 और
