371.97552 412.17932 410.17267 369.96887 73.020935 74.74547 121.5262 119.80167 और
246.05034 297.80518 317.26886 265.51404 201.75247 172.55093 207.04703 236.24857 और
340.41656 552.955 553.3592 340.82074 191.22083 190.72845 365.19513 365.6875 लगी
9.993165 36.935394 50.93197 23.989738 55.324005 43.617493 75.830246 87.53676 कह
41.562435 67.85739 86.299774 60.00481 19.944437 9.116264 53.901413 64.72958 रही
218.2826 286.22424 286.21548 218.27383 21.047997 21.059334 73.53509 73.52375 करके
305.0346 365.98486 365.9265 304.97626 38.127396 38.19371 91.85011 91.7838 बहुत
22.035141 104.62654 105.026054 22.434654 257.8926 257.4492 331.866 332.30942 यह
559.84814 611.53503 593.75195 542.06506 55.445877 132.73737 144.62935 67.33785 इस
-0.94034195 26.86633 37.918415 10.111744 32.798965 14.938744 32.145798 50.00602 आखिर
419.19333 495.1686 495.12576 419.15048 37.456253 37.529182 82.15361 82.08068 ठठाकर
217.83713 255.95493 269.33566 231.21786 139.22516 117.52643 141.0321 162.73083 हम
207.76431 303.29004 303.50165 207.97592 287.426 287.14145 358.1876 358.47214 और
553.5332 609.7379 591.93274 535.728 92.600266 173.86154 186.17659 104.915306 जब
