322.67224 467.08978 466.97833 322.5608 10.517044 10.693138 102.07714 101.90105 अगर
242.65462 288.0058 308.06622 262.71503 208.25429 182.68059 218.2548 243.8285 उसे
553.1694 622.92596 595.6099 525.85333 77.68077 179.60335 198.29866 96.37608 गए
7.7513638 60.905037 85.25973 32.106056 41.55609 7.870735 46.301125 79.98648 अनसुनी
322.91083 402.75775 403.27472 323.4278 224.09233 223.272 273.58826 274.40857 हाथ
423.4057 497.1704 497.6289 423.8642 222.70784 221.89099 263.29388 264.11072 रख
517.2336 593.1385 593.59174 517.6868 221.33539 220.48724 261.05234 261.90048 कर
310.26114 374.6288 374.66946 310.3018 342.6714 342.60083 379.69116 379.76172 सर
235.035 284.41125 284.39584 235.0196 33.60704 33.62336 80.12596 80.10964 करने
190.3692 262.52423 279.8706 207.71558 157.92989 116.90352 147.41139 188.43776 कहना
1.636611 27.042124 37.97133 12.565817 83.06562 67.00477 84.2929 100.35375 मगर
56.18199 95.64025 93.44585 53.987587 328.947 330.61423 382.54825 380.881 ए
127.536766 273.51337 273.58118 127.604576 308.68613 308.5508 381.72513 381.86044 केवल
178.1607 233.48145 233.4661 178.14536 31.695038 31.71196 81.902405 81.88548 जान
26.678448 118.44415 119.81752 28.051815 119.87357 118.29149 197.95099 199.53307 और
22.163742 177.061 177.59251 22.695251 237.71286 236.55923 307.92416 309.0778 तरकीब
