453.91684 554.5198 555.26025 454.65732 158.20158 156.56783 202.1638 203.79756 अगर
436.88626 504.37454 504.79617 437.3079 243.56412 242.98325 291.97397 292.55484 वह
425.6181 497.9496 498.04547 425.714 324.52783 324.3548 364.44342 364.61646 उस
31.288328 52.846992 63.728928 42.170265 32.321335 18.557568 35.602318 49.366085 कुछ
42.41761 70.72242 83.55924 55.254433 56.443626 38.568542 58.89537 76.770454 आनंद
198.21645 256.7481 276.08667 217.55504 151.28445 118.01193 152.03156 185.30408 लोग
228.92383 279.17737 293.48853 243.23499 208.7536 180.35907 205.68741 234.08194 नाव
545.4918 603.91406 588.3242 529.902 82.281555 166.66852 177.46161 93.07465 जबकि
171.45975 231.95068 231.9393 171.44836 32.829147 32.848534 68.34149 68.322105 समय
247.91574 341.41388 341.4025 247.90434 32.85367 32.883636 68.426735 68.39677 यकायक
356.47156 399.88525 399.8526 356.4389 32.86631 32.902405 72.16018 72.124084 एक
414.28723 497.3194 497.2915 414.25934 32.868607 32.93364 68.54935 68.484314 आवाज
116.58917 165.70593 166.46509 117.34833 142.94183 142.03418 183.11392 184.02158 और
115.15265 166.65851 167.18768 115.68182 192.19728 191.44917 227.88097 228.62907 गोल
65.856445 83.420395 95.58502 78.02107 21.517471 14.485756 44.870773 51.90249 रंग
555.9337 609.06616 591.9076 538.77515 56.379883 135.44844 146.97862 67.910065 एक
241.20175 385.10696 385.3572 241.452 257.91348 257.58005 365.58432 365.91776 अव्यक्त
-1.137949 37.567413 57.790215 19.084848 66.21331 41.75956 73.76818 98.22193 बहती
317.90402 383.47043 382.02005 316.45364 75.144775 76.556076 143.93817 142.52687 कोप
