372.1653 451.3956 451.32462 372.09433 31.689468 31.778625 94.84134 94.75218 गया
-0.86474895 23.632092 36.277767 11.780927 89.7024 74.25857 94.31701 109.76084 बहुत
351.8805 394.62653 394.92114 352.1751 224.87482 224.34027 247.89883 248.43338 एक
345.5292 388.15292 388.43015 345.80643 263.2394 262.8843 296.15976 296.51486 दिन
203.6769 235.10081 247.71486 216.29094 165.67285 147.81296 170.00699 187.86688 पर
226.64769 293.69446 306.0802 239.03343 209.11597 171.21317 193.12247 231.02527 जाकर
272.38107 321.25583 321.19424 272.3195 67.237946 67.30437 112.628876 112.562454 अपने
18.532768 72.619545 98.20132 44.11454 41.91754 7.745949 48.23677 82.40836 भीतर
155.48877 226.64417 226.85995 155.70456 272.35693 271.76556 297.72986 298.32123 उत्सव
241.35545 294.67737 294.89447 241.57256 271.48804 271.04486 297.16437 297.60754 बना
322.87805 380.8413 380.76147 322.79822 87.414185 87.51027 135.66193 135.56584 इतनी
551.07056 592.53516 578.9227 537.4581 49.142853 110.84802 119.99533 58.290165 कर
552.58234 595.47186 582.52484 539.6353 109.22656 170.41617 179.49112 118.301506 हाथ
2.1992855 22.066774 33.055443 13.187952 34.1093 25.49057 50.821136 59.439865 घर
443.0732 536.20984 536.52356 443.387 269.31033 268.72012 318.2388 318.829 गया
