556.01135 613.202 591.84534 534.65466 88.38435 171.54692 186.23384 103.07127 लिए
228.29979 295.69165 315.15308 247.76122 211.77304 173.74863 208.24078 246.2652 कमरे
400.01575 450.47205 451.03314 400.57684 162.98236 162.12512 195.15201 196.00925 उसी
392.64703 440.21136 440.69763 393.1333 203.45264 202.82697 239.79218 240.41785 और
31.854424 61.543686 70.62392 40.934654 26.046478 7.034725 21.214653 40.226406 सकता
43.242622 62.28083 71.95493 52.916725 53.741196 41.68419 56.959755 69.01676 हाय
334.816 396.17923 396.1268 334.76358 76.48256 76.56737 114.511734 114.426926 रखना
193.80328 244.41821 257.11127 206.49634 156.04636 127.23782 149.53879 178.34732 उच्च
22.37524 148.43524 148.45345 22.393444 278.48035 278.45984 390.47766 390.49817 और
195.76015 508.87274 508.89044 195.77785 281.83725 281.7863 390.41898 390.46994 तकलीफ
388.73264 435.27005 435.24405 388.70663 14.521721 14.550774 56.25103 56.221977 पट
104.961 197.2485 197.55469 105.26718 269.76917 269.12335 312.87604 313.52185 आखिर
211.48361 283.59106 283.88785 211.7804 269.8432 269.33154 311.15594 311.6676 उसने
197.66481 238.95766 238.95625 197.6634 12.993977 12.996532 35.87828 35.875725 छलक
250.68863 278.82477 278.82297 250.68684 12.997257 12.999004 41.552853 41.551105 आए
290.8935 316.98596 316.6402 290.54773 3.0617409 3.3365135 36.17163 35.89686 और
198.5912 222.404 222.39207 198.57927 49.392426 49.405197 71.64528 71.63251 कर
199.30635 227.75182 228.16798 199.72252 77.48977 77.086494 106.44108 106.84435 टिक
