195.01282 249.11841 266.46237 212.35678 153.76099 122.9928 153.49197 184.26016 इस
7.1533527 59.20845 78.05026 25.995165 43.125465 10.023949 39.65439 72.755905 समय
237.8133 271.7064 271.95483 238.06174 258.30365 257.98315 284.25836 284.57886 भर
284.9222 333.8511 334.10092 285.17203 257.71527 257.25256 283.67065 284.13336 तक
346.2403 476.35193 476.6286 346.51697 256.76917 255.57715 285.78058 286.9726 टाइपराइटर
231.4472 295.08075 295.25806 231.62451 301.5047 301.21442 340.09155 340.38184 इतनी
306.90735 367.73566 367.86005 307.03174 311.08084 310.78586 336.44302 336.738 सरल
228.81592 272.70428 272.71756 228.8292 353.5223 353.5054 387.90683 387.92374 और
248.86371 300.82874 300.82574 248.86072 12.612274 12.615234 65.4413 65.43834 गए
49.96097 70.144516 82.142044 61.9585 58.170506 49.78595 78.66673 87.051285 पर
115.49161 186.42487 186.47702 115.54376 341.35117 341.24026 374.58377 374.69467 समस्या
324.655 402.6403 402.55167 324.56638 35.459663 35.558372 105.58912 105.49041 कहने
245.52313 302.33392 319.1895 262.37872 208.14398 176.08972 205.96338 238.01764 कभी
