543.03955 621.16895 594.2075 516.0781 65.54263 179.47987 197.96799 84.03075 तरह
13.442373 40.940727 57.627884 30.12953 19.668907 7.972679 47.204933 58.90116 सिर
32.460068 175.61116 176.61884 33.467743 124.863075 122.11165 174.53867 177.29008 उसका
29.366222 109.48047 109.969894 29.855648 234.1074 233.34021 284.4488 285.216 एक
26.55046 113.26877 113.329315 26.611008 315.52136 315.44257 382.08417 382.16296 और
284.58887 387.5937 386.73077 283.72595 11.782631 12.620186 118.74319 117.90563 प्रसंग
227.26431 288.298 307.75168 246.71799 212.37543 177.93848 212.41687 246.85382 अब
117.89937 310.35266 310.43054 117.97725 291.32214 291.15814 382.54773 382.71173 जगह
368.70013 577.4295 577.5092 368.77985 288.97937 288.8015 382.32013 382.498 जगह
245.60376 290.635 312.40417 267.37292 154.41827 128.90735 167.33374 192.84467 तुम
566.9498 614.16504 596.2793 549.0641 49.761353 121.19688 133.01843 61.58291 वह
42.1824 80.614075 97.973694 59.54202 56.05468 31.855232 59.424416 83.62386 शहर
441.28183 520.6947 521.1041 441.69125 212.92793 211.9204 244.19066 245.1982 सकता
244.66275 274.76227 274.7523 244.65276 29.817764 29.826225 65.42233 65.41387 और
192.50394 231.65881 248.97626 209.82138 156.78343 134.5205 164.9775 187.24043 कुछ
