76.538345 111.27295 111.604355 76.86975 202.38412 201.86533 224.05344 224.57224 कर
542.12836 599.6541 582.8505 525.32477 78.73384 161.74649 173.39096 90.3783 काम
17.546099 56.505524 72.29918 33.339752 53.28462 28.587044 53.500896 78.19847 उतना
316.29224 391.19592 391.1474 316.2437 13.714523 13.776779 72.15292 72.09067 रघुबर
315.0028 373.02008 372.93097 314.9137 82.30507 82.401505 135.9987 135.90227 सती
251.36386 297.49002 322.33725 276.2111 171.1734 145.11023 189.08438 215.14755 हुई
66.051285 83.586945 92.808975 75.273315 24.542027 17.512997 40.519634 47.548664 पर
230.91278 281.0984 281.07437 230.88875 46.78929 46.8145 94.64955 94.624344 पर
202.96614 248.41103 263.0711 217.6262 155.48409 129.64091 155.42049 181.26366 पटरी
351.58423 432.989 433.7412 352.33643 192.0668 191.09659 254.20844 255.17865 इस
341.17426 448.92175 449.15924 341.41174 287.69687 287.18265 336.94034 337.45456 काम
20.597115 37.634315 48.320465 31.283264 18.36179 11.178638 36.52435 43.7075 करो
395.23947 446.80643 442.89725 391.3303 32.929497 35.574074 111.79925 109.15467 दैव
