548.86145 609.9166 596.97766 535.9225 54.80516 145.08537 153.83577 63.555553 आराम
549.48645 589.67346 577.85034 537.6633 105.065094 162.38821 170.67691 113.3538 एक
302.1465 383.35788 383.8046 302.59323 244.4863 243.83047 299.14853 299.80435 एक
402.62665 492.93396 493.54193 403.23462 222.94829 222.19241 294.82544 295.58133 दिन
507.54904 580.41846 580.86035 507.99094 241.90428 241.29437 294.0946 294.70453 वह
294.1573 426.26068 426.32654 294.22314 325.1615 324.997 377.90027 378.06476 आएगा
20.446943 60.16008 82.94404 43.230904 24.082005 7.289009 61.169964 77.96296 हुआ
316.6038 385.91507 385.88663 316.57535 10.647301 10.690567 56.220238 56.17697 काम
315.67545 353.37607 352.47635 314.77573 99.35486 100.140625 143.30968 142.52391 पर
580.2159 606.4925 597.2946 571.018 72.530914 112.20914 118.30032 78.6221 नए
5.3849792 164.46167 165.64491 6.568222 152.31879 150.11584 235.55923 237.76218 उसने
5.4653473 173.90529 174.15833 5.718384 285.95718 285.18564 340.42673 341.19827 अपना
3.3882132 22.646297 33.01877 13.760684 91.07818 78.93336 95.381035 107.525856 मत
220.7135 304.10907 304.10626 220.71071 10.68531 10.687965 98.280716 98.27806 बाद
183.62599 301.0841 301.31494 183.85683 276.09695 275.7805 361.4492 361.76566 भर
-0.29429436 22.917772 36.901207 13.689138 42.478874 32.339706 64.35264 74.491806 उसे
406.4798 475.96002 471.2121 401.73187 4.9331207 8.758759 94.98953 91.163895 और
