234.14539 287.8487 307.29065 253.58734 210.0159 179.71933 214.18192 244.47849 दिन
551.19183 594.5159 598.2371 554.913 50.681515 49.5934 197.7569 198.84502 देर
244.32053 324.00235 323.98367 244.30185 27.15628 27.175919 102.978195 102.95856 एक
355.84634 484.72934 484.65103 355.76804 27.068672 27.215523 95.96448 95.81763 कहार
8.563305 60.84534 85.78566 33.50362 35.76444 2.5905685 41.89652 75.07039 बन
322.36206 388.39954 379.0097 312.97223 232.38022 240.48013 317.03397 308.93405 कई
402.61932 539.6567 540.1335 403.09613 239.60776 238.49039 296.9667 298.08408 परिवार
303.24417 374.68265 374.69943 303.26096 342.40616 342.3799 388.08206 388.1083 एक
391.5254 477.86737 477.90784 391.56586 340.90732 340.81924 380.44852 380.5366 साथ
492.23004 568.80475 568.82184 492.24713 341.5672 341.53906 388.01074 388.03888 एक
244.57437 292.92007 317.2706 268.9249 158.07237 130.7076 173.72795 201.09273 नई
184.82489 248.29153 248.2699 184.80325 39.253815 39.279465 92.806915 92.781265 कभी
26.541786 159.37643 159.43756 26.602913 282.25592 282.17743 385.63202 385.7105 और
185.55394 309.78278 309.84467 185.61586 280.7865 280.71313 385.5432 385.61658 उसे
199.95517 244.0774 256.0499 211.92767 164.98622 139.89891 160.95552 186.04283 एक
