-3.6119347 65.05086 92.62135 23.95856 47.571503 4.137665 47.722748 91.156586 गजरदम
229.28406 289.35388 310.09216 250.02234 211.22348 177.34015 214.10583 247.98917 उसी
203.89514 259.786 259.77344 203.88257 31.702911 31.720001 72.77852 72.76143 पडा
541.40247 613.15125 593.3849 521.6361 76.3748 180.01093 193.69548 90.05935 समय
48.833733 84.98298 97.26522 61.115974 63.12712 40.364838 59.870514 82.6328 टकटकी
198.56427 241.04446 259.05225 216.57205 150.19655 126.03935 157.70586 181.86305 पर
115.674034 244.15375 244.19174 115.71203 289.5387 289.48914 387.91785 387.9674 सिर
272.6049 373.44016 373.4681 272.63284 315.502 315.46307 387.86792 387.90686 पर
563.4207 601.35944 590.3686 552.4299 71.53764 127.83195 135.23903 78.944725 बात
157.61789 222.99457 223.33606 157.95938 242.86443 242.19284 275.43677 276.10837 यथार्थ
373.60947 432.6721 429.79678 370.73416 34.929413 37.46292 104.493286 101.95978 इस
