437.1063 497.9929 513.70056 452.81393 215.83409 185.75572 217.55214 247.63051 इन
208.77472 272.75964 272.80862 208.8237 13.395515 13.265114 37.298767 37.42917 आदमी
475.56213 592.4437 611.24756 494.36597 255.17308 199.98569 239.81047 294.99786 आप
463.71716 560.52966 581.3124 484.49988 348.29907 305.77448 353.08893 395.61353 इस
132.84427 199.91788 200.00189 132.92828 19.00633 18.816528 48.507507 48.69731 एक
92.64342 114.29091 118.67424 97.02675 116.0746 112.672165 140.56035 143.96278 मार
434.35376 522.9398 537.8687 449.28265 131.78233 85.14305 113.498764 160.13805 बहुत
437.79254 548.67847 558.9011 448.0152 176.8971 120.49335 140.5904 196.99414 सफल
1.2340527 31.900106 37.337524 6.6714725 391.9768 384.55103 407.00574 414.43152 कर
57.478886 128.82758 129.27753 57.928837 228.89877 228.113 268.9684 269.75418 महाशय
133.91629 175.8451 176.20047 134.27167 228.19592 227.74808 261.0186 261.46643 आप
