199.38501 302.18326 302.1789 199.38065 12.224716 12.230072 96.11598 96.11063 उस
345.3481 497.98886 497.8926 345.25186 12.065552 12.240204 96.341286 96.16663 समय
19.496744 64.83635 90.001434 44.661827 26.67775 7.460495 66.83295 86.0502 पल
565.3206 616.7215 596.16034 544.75946 69.00902 145.5748 159.3781 82.81231 यह
437.88995 568.7413 568.84985 437.99854 287.18008 287.02457 378.38144 378.53696 वह
209.53636 290.792 322.9101 241.65446 177.83145 131.91867 188.76071 234.6735 पर
5.3730707 23.242584 32.60975 14.740235 55.057926 43.6594 58.34435 69.742874 हाथ
16.99405 33.069103 40.79464 24.719585 80.44988 70.287575 82.508064 92.67037 कट
550.9596 606.06274 586.53284 531.4297 92.77405 172.21503 185.76172 106.32073 पर
1.7991409 211.7272 211.75342 1.8253403 229.60135 229.56717 390.46738 390.50156 सरकारी
321.41916 378.15262 378.0486 321.31516 100.06212 100.17024 154.7501 154.64198 खून
202.80476 442.88977 443.1197 203.03468 266.7815 266.22516 365.45056 366.0069 शिवदत्त
