544.93677 623.50635 594.74207 516.1725 62.986954 178.00685 197.65565 82.63576 विनत
242.6662 299.46643 315.70465 258.90442 205.20354 173.13676 201.8997 233.96648 अब
261.9514 371.60898 358.22275 248.56516 252.04535 263.5327 391.31665 379.82928 पर
29.092243 57.58292 73.77185 45.28117 16.580246 4.6953583 43.503746 55.388634 गोद
9.074759 49.82418 50.557922 9.808504 124.246056 123.395966 158.56851 159.41861 बढ़
8.241783 64.634895 65.099495 8.706383 174.3216 173.3576 200.53671 201.5007 गया
8.053202 49.627785 49.965508 8.390921 222.97098 222.43845 248.8038 249.33633 अब
66.19881 102.68591 103.048645 66.56154 222.0939 221.63394 250.40784 250.8678 वह
6.17717 31.593369 46.34292 20.92672 40.92578 29.912643 63.951767 74.964905 ब्रह्म
572.99304 603.578 591.75195 561.167 49.044746 95.646484 103.40795 56.806213 एक
573.57996 600.8385 589.4415 562.183 93.98006 134.2087 141.93117 101.70253 पत्र
205.30289 273.07388 287.07446 219.30347 157.22559 118.691925 143.3154 181.84906 लड़कर
382.8025 541.01556 541.71545 383.50238 212.58629 211.3646 302.0055 303.2272 इसकी
370.6469 550.0535 550.05426 370.64764 341.39877 341.3962 392.1517 392.15427 भयानक
61.512543 79.64183 88.632126 70.50284 20.284819 8.721321 22.816332 34.37983 कर
73.39276 89.05655 97.28247 81.61868 49.09466 39.2087 52.242245 62.12821 घर
