352.76724 399.31076 399.67722 353.1337 223.87999 223.32243 253.91481 254.47237 पर
414.67395 487.9939 488.56116 415.2412 210.85135 210.01736 259.88684 260.72083 कोई
277.59167 348.85248 348.7943 277.5335 67.23037 67.32557 110.88387 110.78867 बाहर
4.271652 41.226852 63.480972 26.525772 25.854351 9.924149 61.5497 77.479904 इस
79.551895 170.63428 170.70554 79.62315 325.07413 324.94876 376.73294 376.8583 अधिकार
45.331177 75.21915 94.21164 64.32367 16.18989 3.9588242 50.369102 62.600166 और
536.5855 578.1839 563.0374 521.439 68.889206 128.99806 139.48018 79.37132 अंदर
570.3603 609.63885 593.8532 554.57465 116.41911 173.23007 184.14412 127.33317 रहने
181.83769 387.83002 388.02173 182.0294 257.88977 257.54828 373.1848 373.5263 लहर
370.0875 409.4623 409.44778 370.07297 10.28727 10.304932 42.740562 42.7229 तक
368.76077 412.8878 412.84055 368.71353 64.730286 64.78471 103.08951 103.03508 आए
429.6481 468.1318 464.73856 426.25485 43.6568 46.15645 98.39757 95.89792 और
566.7425 602.6524 593.50507 557.59515 76.466675 129.75056 135.91533 82.63144 इसलिए
