402.23596 505.23242 506.35095 403.3545 151.26335 149.83281 230.36412 231.79466 और
384.7791 502.7987 503.0301 385.0105 288.65027 288.07788 335.78754 336.35992 ऊपर
30.123278 68.06691 87.482414 49.53878 27.62124 11.727196 58.077538 73.97158 इस
200.22272 257.55817 274.25208 216.91663 150.16112 117.549484 146.89952 179.51115 रक्त
227.0987 272.10007 296.78503 251.78366 198.86803 175.19649 222.1245 245.79604 देह
552.5968 619.46387 593.94104 527.074 80.79497 178.21455 195.73293 98.31334 उसे
307.7714 422.11826 421.9731 307.62625 16.31105 16.47438 118.1031 117.93977 कट
149.86842 202.39674 202.5125 149.98418 310.9015 310.62555 332.65607 332.932 आदत
145.13823 185.17296 185.21294 145.1782 349.33243 349.2676 373.947 374.0118 कुछ
65.581184 89.86257 88.69877 64.41738 99.36823 100.39205 127.99346 126.96964 हर
62.316692 103.79318 104.471146 62.994656 127.87771 127.0213 159.85544 160.71185 चीज़
62.971176 88.57857 87.30696 61.69957 161.26836 162.34807 192.50642 191.42671 को
101.59475 145.98724 146.38864 101.99615 170.39365 169.60782 192.2832 193.06903 बदल
22.835049 38.353527 46.571583 31.053104 72.68099 62.861504 75.8491 85.66859 पर
250.64766 298.24622 312.08685 264.48828 165.48546 138.50835 162.92885 189.90596 एक
555.02814 606.82733 591.9466 540.1474 45.50615 123.1165 133.04826 55.437912 मन्नान
217.46799 299.7724 299.76932 217.46492 10.685196 10.687813 107.24634 107.24372 और
