1.043911 42.769955 65.17874 23.452694 44.941147 26.720337 78.03694 96.25775 गर्दन
56.295162 82.97776 97.52716 70.84457 27.4874 16.650215 52.472805 63.30999 पर
274.51486 387.3481 387.28214 274.44888 39.583214 39.713356 96.93682 96.80668 वरदान
402.71097 463.8163 463.75363 402.6483 39.6756 39.74466 95.21721 95.14815 बन
555.9246 597.4108 581.49567 540.00946 59.606644 121.20054 131.9201 70.32621 बढ़
557.21924 600.85266 587.97974 544.3463 116.85448 179.05841 188.08824 125.884315 गया
80.94395 335.78418 335.85507 81.01484 304.0523 303.82086 381.88214 382.1136 लगातार
198.05145 262.70062 278.05182 213.40265 155.13492 118.36551 145.35648 182.12589 जल
233.04858 300.08527 314.97424 247.93756 221.27377 183.45523 209.84723 247.66577 गया
-2.246666 27.452702 41.98058 12.281212 21.845203 2.745121 25.33501 44.435093 खबर
195.9388 262.9311 262.95148 195.95918 14.531154 14.515511 101.82837 101.84401 दाई
489.47815 561.3015 561.81616 489.9928 226.45769 225.76276 278.95813 279.65308 गयी
253.43472 296.58194 308.41458 265.26736 173.15085 148.70728 169.59393 194.0375 बाद
526.8659 568.3598 556.8642 515.3703 73.844086 132.98651 141.05173 81.90931 कहा
