552.29095 608.6923 587.58014 531.1788 68.44098 151.32648 165.69275 82.80725 पर
380.23566 515.99884 516.7205 380.95734 197.54424 195.99722 259.33185 260.87888 असर
355.9717 465.66873 465.74374 356.04672 294.4656 294.37216 382.41537 382.50882 देख
314.71625 391.36578 389.26324 312.6137 22.616837 24.13832 130.05962 128.53813 उसे
35.284435 59.340305 69.844406 45.788532 22.575552 7.179901 23.592669 38.98832 बात
45.9774 77.92096 94.828445 62.88489 53.486233 33.364853 60.206226 80.32761 उठाई
230.48154 302.03378 319.57217 248.01993 210.54393 170.15468 201.22514 241.6144 बाहर
566.9268 614.74994 595.6381 547.815 48.354416 120.7804 133.39995 60.97396 वह
5.577919 149.67535 149.87842 5.780998 283.30695 282.94592 363.995 364.35602 पत्र
216.6651 310.33624 310.31787 216.64673 26.007568 26.029266 105.47089 105.44919 एक
4.665719 29.043442 43.205784 18.82806 21.44355 10.962181 43.901176 54.382545 घुस
19.949253 46.481243 60.64165 34.10966 56.99023 45.58262 78.51712 89.924736 सके
216.71503 256.9242 270.92896 230.71979 147.6531 124.78403 149.40762 172.2767 कर
