15.821873 54.606487 74.76453 35.979916 39.72792 15.103195 46.852646 71.47737 कर
561.5846 588.0093 578.76245 552.33777 62.366158 101.75849 107.96131 68.56898 जाए
562.0968 584.9337 575.8865 553.04956 88.63191 122.05069 128.23318 94.81441 इस
581.05444 604.82263 597.1282 573.36 116.37384 151.1554 156.41345 121.631905 तरह
483.63782 549.426 549.9934 484.2052 175.57254 174.55466 211.22574 212.24362 बहुत
476.4437 537.47424 537.94507 476.91452 219.10553 218.41501 260.03015 260.72067 लिए
261.1797 307.62994 323.26678 276.81653 188.63774 162.39522 190.07295 216.31548 और
201.23141 365.65283 365.64493 201.22353 15.299591 15.314728 100.87117 100.85603 आसन
403.13065 480.02628 475.1896 398.29398 11.180534 15.325256 105.059 100.914276 पर
2.6813135 27.323158 41.87463 17.232784 64.33596 53.492203 86.55962 97.40338 और
555.87244 607.9923 593.8911 541.77124 110.10698 184.67741 194.53322 119.96278 साल
26.569332 103.08765 103.511185 26.99287 254.54747 254.0552 319.88947 320.38174 और
332.80157 363.0418 361.70605 331.46582 110.06201 110.90289 158.93982 158.09894 हुई
115.95251 255.30173 255.6549 116.30569 265.5402 264.8323 334.35434 335.06223 साथ
