6.0919943 23.080858 32.507523 15.51866 19.323065 12.037796 34.02028 41.30555 कर
410.02264 435.74182 433.8465 408.12732 39.018097 40.488632 73.63759 72.16705 लिए
406.4275 451.04205 451.01544 406.40088 80.59366 80.648254 102.41742 102.36282 पहचाना
240.98898 276.1204 292.69278 257.56137 149.04059 129.0998 158.29678 178.23758 और
263.7593 302.8154 319.6851 280.629 195.72252 173.68153 203.57417 225.61516 खून
468.26855 562.7191 542.81274 448.3622 178.67685 194.23312 315.09528 299.539 हुए
25.58704 68.73416 86.51721 43.37009 40.783855 13.406242 41.43233 68.809944 जीवन
336.99026 391.2559 391.23837 336.97275 9.118729 9.144928 45.36685 45.340652 शरम
330.63608 398.84903 398.7899 330.57693 62.46193 62.55052 108.09151 108.002914 लगती
10.467823 62.55965 62.986385 10.894558 159.53879 158.55853 181.23538 182.21564 आया
8.7782135 41.808514 40.89002 7.8597183 189.97873 190.84149 226.00577 225.143 उसे
539.30035 607.8532 587.43695 518.8841 72.02208 171.13661 185.25755 86.14302 अपने
-0.78052807 30.721354 47.863815 16.361933 61.07527 47.181213 86.04817 99.94223 कर
212.02109 293.29037 293.28976 212.02048 8.757004 8.757538 100.06752 100.066986 आगे
4.826622 151.23865 151.35522 4.943184 290.29965 290.10367 377.18344 377.37943 खोल
186.03622 292.55478 292.6412 186.12265 312.57697 312.4344 376.99432 377.1369 कर
559.73364 606.2837 592.6594 546.1094 49.830307 119.71162 128.78719 58.905876 जब
