498.67902 549.2671 549.11554 498.5275 6.9047356 7.16679 36.40518 36.143127 मत
125.13759 193.99492 194.15373 125.2964 5.0254827 4.8034286 54.04732 54.269375 पड़
27.541769 91.274315 91.47619 27.743643 121.76562 121.387436 155.40808 155.78627 उसका
40.13652 82.299805 82.576096 40.41281 184.56197 184.19774 216.18095 216.54518 एक
53.60253 84.78785 93.47802 62.2927 232.03549 226.36752 274.1811 279.84906 और
417.71838 472.62775 484.38806 429.4787 341.06876 316.3735 342.52225 367.2175 पर
471.84048 594.5314 611.70325 489.01236 316.72748 261.54785 299.7292 354.9088 मजबूर
412.50195 469.48053 484.75226 427.77368 386.59085 362.848 399.4974 423.24026 रहे
0.7080841 36.46906 41.42082 5.6598434 392.1014 383.4354 403.86917 412.5352 सका
234.21947 288.29755 288.3366 234.25853 4.129621 4.048006 29.926561 30.008177 कोप
8.668213 64.98158 78.74661 22.433243 23.252907 13.514603 93.11318 102.85149 रात
487.9228 554.4073 569.0739 502.58942 366.16153 337.66446 371.88217 400.37924 और
488.8253 553.4381 562.4198 497.80698 420.3242 393.9424 415.93997 442.32175 चाय
94.136734 156.4399 151.34706 89.0439 298.43362 318.37918 334.2875 314.34195 पर
453.34717 592.56946 623.3899 484.1676 207.81094 139.03427 201.42294 270.19962 हृदय
