-0.7792597 28.385277 38.44992 9.285384 81.55156 63.086014 78.98213 97.44768 आसान
203.06177 258.3185 276.30725 221.0505 152.8982 121.491 153.1398 184.547 औसी
229.41357 287.00555 300.0327 242.44073 207.86285 175.31061 198.35846 230.9107 चटपट
227.39355 315.76523 315.74805 227.37637 24.104431 24.122711 107.26683 107.24855 सिख
87.422806 323.58484 323.75977 87.59776 288.61618 288.09128 366.80984 367.33475 खयाल
30.211744 54.598625 66.52064 42.13376 24.34826 8.748596 27.386225 42.98589 आज
556.4637 608.31757 593.8476 541.9937 79.86142 155.7716 165.656 89.74581 चाय
322.5051 370.23935 368.42667 320.6924 9.603828 10.690048 90.3499 89.26368 ईंट
401.0537 460.67145 456.7223 397.10455 9.460808 12.624321 87.04817 83.88466 और
386.3831 445.20743 433.84122 375.01688 147.63858 155.79697 237.75073 229.59235 रहे
362.65546 482.57117 482.97186 363.05615 248.72244 248.21683 343.24704 343.75266 अपूर्व
37.015244 68.56662 81.48492 49.93354 53.306076 33.341568 53.7573 73.72181 बिस्तर
328.10965 365.3964 365.35837 328.07162 100.458 100.514854 125.45069 125.39384 काम
327.6654 349.29114 348.64874 327.023 140.97687 141.54062 166.18256 165.6188 पर
7.045746 181.95503 182.93903 8.029739 182.19627 180.43427 278.1123 279.8743 बर्ताव
