197.88956 259.56738 259.56424 197.88643 13.762878 13.767319 57.25734 57.2529 पड़ा
272.0047 332.7425 332.7248 271.987 13.74118 13.772591 47.965652 47.934242 इस
347.83676 462.95926 462.94156 347.81906 13.722431 13.78194 48.032963 47.973454 अवसर
472.83948 526.79004 526.77234 472.8218 13.758648 13.786545 48.06598 48.038082 पर
-4.810705 63.22402 94.473915 26.43919 45.092777 2.1221542 51.599636 94.57026 पाकर
402.56317 499.6682 500.5633 403.45825 167.20763 165.85695 230.20613 231.55681 मन
545.7803 617.8838 595.06055 522.95703 69.539215 174.6889 190.33932 85.18963 अपने
227.99844 305.3436 305.31424 227.96909 67.232666 67.29213 105.46573 105.406265 उल्लास
430.92172 481.26938 481.42563 431.07797 292.73477 292.4059 316.32736 316.65622 कहा
423.89462 486.86288 486.9257 423.95743 337.82407 337.65433 360.949 361.11874 लानत
252.15654 297.18338 320.1443 275.11746 164.58029 139.11249 179.70728 205.17508 पर
559.6473 615.8294 596.69794 540.5158 45.59561 130.18369 142.89053 58.302456 यह
313.7076 376.3046 376.2103 313.6133 70.93646 71.035934 130.39565 130.29617 जब
43.205368 194.80663 194.9999 43.398636 262.35248 262.08698 372.43848 372.70398 डॉक्टर
572.78973 605.99066 596.6049 563.404 46.2527 96.9299 103.07893 52.401733 गया
