3.8426514 36.94717 44.091034 10.986515 390.22733 382.22903 411.79715 419.79544 और
494.11145 553.51996 553.3511 493.94257 6.8411407 7.16621 38.03239 37.70732 साथ
147.87395 188.92531 188.98781 147.93645 23.641504 23.53075 46.695534 46.806286 पर
202.93053 249.8144 249.87666 202.99278 23.583933 23.457447 46.531273 46.657757 उस
6.7301292 50.840538 60.92242 16.812014 50.221508 42.194504 97.596954 105.62396 उनके
63.465656 119.58545 119.74065 63.620853 51.30552 51.11734 97.39974 97.58792 जीवन
22.838936 45.601692 52.691376 29.92862 129.327 124.957016 161.88632 166.2563 पर
54.980274 124.37599 124.654526 55.25881 118.400375 117.966095 162.47359 162.90787 भारतीय
431.586 554.8203 580.40204 457.1677 363.5445 309.4674 367.76465 421.84174 और
87.92537 156.1631 151.34705 83.109314 297.3888 319.26483 334.28754 312.4115 उस
253.51743 316.1348 316.17575 253.55838 8.761 8.654079 32.63301 32.739933 साहब
28.97378 81.674065 97.56781 44.867523 175.45456 166.08414 255.47232 264.84274 पर
43.212593 57.100677 59.676598 45.788513 387.2269 384.9313 400.51523 402.81082 इन
500.8031 592.56055 608.18555 516.4281 406.87952 369.12335 407.09637 444.85254 साथ
129.85391 145.46213 148.51248 132.90427 236.51704 234.16202 254.37843 256.73346 बच
134.71542 156.91766 160.86362 138.66138 267.05222 263.78427 290.59305 293.861 रहती
