521.9791 549.86316 521.8584 493.97433 3.0855255 35.490723 59.588287 27.18309 वह
410.49054 460.972 462.3258 411.84436 350.3778 347.27264 369.28223 372.3874 मुझ
478.45883 519.5532 520.45984 479.3654 346.197 343.66922 358.40683 360.9346 पर
414.80325 477.70053 478.408 415.5107 377.17352 374.09344 388.54053 391.6206 तरस
418.0719 503.34674 504.19226 418.91742 397.48248 394.11414 415.5193 418.88763 खाओ
102.68044 279.5254 279.81912 102.974174 290.66226 289.80722 350.5563 351.41135 गया
333.0682 479.90634 482.4694 335.63126 320.8672 309.411 342.26245 353.71863 आज
527.4448 550.3192 537.1532 514.2788 58.063957 84.6305 95.966805 69.40026 जगत
323.43713 360.77942 361.33887 323.99658 403.55243 402.11957 416.69916 418.13202 और
195.06003 295.1424 294.3267 194.24431 203.86153 206.2531 240.38957 237.998 बहुत
21.901245 49.76789 49.714577 21.84793 180.57469 180.70378 192.21135 192.08226 मना
