146.11905 248.14584 248.11154 146.08475 255.18039 255.2897 287.2903 287.181 एक
144.19247 236.38815 236.67041 144.47473 295.07498 294.40146 333.04086 333.7144 उसे
513.8074 551.481 517.0204 479.34674 4.456665 48.203217 77.88002 34.13347 राज
338.2929 395.5586 397.35468 340.089 308.06943 303.2607 324.6495 329.45822 बहुत
343.93634 413.95557 415.565 345.54578 333.5223 328.51248 351.0068 356.01663 औरत
429.35977 462.91287 464.55887 431.00577 327.4103 325.0096 348.0145 350.4152 थी
348.87766 401.19937 402.46213 350.1404 364.5601 361.60165 383.93436 386.8928 और
413.5915 470.96564 472.26068 414.88654 366.53552 363.44128 387.4544 390.54865 कुछ
182.31451 262.99658 262.04382 181.36176 183.52852 186.81178 210.22408 206.94081 इस
182.21931 247.08757 246.74574 181.87749 230.39757 231.48119 251.94472 250.8611 पर
