509.78076 553.5532 523.17114 479.3987 13.31749 64.13686 90.30593 39.486557 चला
147.96469 295.45258 295.42093 147.93304 254.01575 254.18097 282.43726 282.27203 मरोड़कर
364.7456 483.24316 485.8855 367.38794 318.39575 309.1507 343.0188 352.26385 बात
110.71548 192.64526 192.83719 110.9074 296.98557 296.31522 319.77188 320.44223 सर
220.28397 322.8632 323.04404 220.46481 296.0891 295.24982 317.3546 318.1939 ऊपर
331.3146 463.6013 468.34885 336.06216 264.58795 250.66943 295.7923 309.71082 कर
216.28436 282.98688 282.2276 215.52509 182.32329 185.39021 201.90364 198.83672 भरा
216.19623 285.11066 284.4891 215.57469 212.38322 214.041 239.87837 238.2206 हुआ
217.55896 292.0153 291.79526 217.33893 240.99289 241.98697 258.466 257.47192 थाल
395.50037 475.22717 476.27112 396.5443 360.80606 356.25638 374.54947 379.09915 आधा
