333.8941 485.8142 491.48846 339.56836 289.86487 275.74933 336.8188 350.93433 कुछ
518.2229 545.615 512.7042 485.31216 4.159622 29.9086 64.91945 39.17047 पति
155.0682 288.36426 288.28665 154.99059 220.73035 220.90479 280.2225 280.04807 चुन
410.79633 509.80542 512.4175 413.4084 331.56104 324.60675 361.79474 368.74902 फिर
419.91815 524.5967 525.88635 421.20782 388.20493 383.62466 413.09988 417.68015 शहर
144.49405 239.05179 239.1177 144.55997 284.9532 284.77484 319.7218 319.90015 तेज
143.4975 250.29504 251.30194 144.5044 343.39444 339.85257 370.21286 373.75473 एक
347.626 417.34824 419.78122 350.059 257.35266 249.8328 272.39062 279.9105 इस
524.02216 550.9824 528.6514 501.69113 51.407394 82.70239 101.94031 70.64531 उस
159.32104 292.85382 292.0003 158.46753 193.43277 197.95834 223.14294 218.61737 अपनी
