524.8861 550.73975 515.58325 489.7296 11.916649 36.32215 73.56467 49.159164 दिन
157.0878 295.61768 294.8163 156.28642 204.171 207.22664 243.55733 240.5017 उनके
157.00443 229.80334 229.76709 156.96817 265.4016 265.50073 292.12488 292.02576 पर
156.3916 229.63956 230.14621 156.89825 316.85126 315.453 341.99396 343.3922 पर
343.7394 489.89493 496.3121 350.1566 260.52667 244.95609 305.1919 320.76248 और
332.30466 392.5997 394.05832 333.76328 346.8592 342.90845 365.1698 369.12054 झुक
418.47003 519.86725 521.09094 419.69373 341.21317 334.5693 353.24454 359.8884 पड़कर
337.662 378.45093 379.2196 338.43066 380.58923 378.58472 394.22595 396.23047 पर
207.19016 289.59677 288.44583 206.03922 176.90102 180.45241 207.15865 203.60725 करते
544.9615 596.10333 603.2928 552.15094 140.81111 113.149506 126.44154 154.10315 हम
