8.540113 70.23421 80.01674 18.322645 111.84075 88.65617 114.68746 137.87204 तक
114.80094 254.43845 255.22452 115.58701 167.81096 166.93988 292.94818 293.81927 ऐसा
273.8767 453.34082 453.8429 274.37878 219.83684 219.13043 346.68738 347.3938 तक
289.16245 321.48428 311.23984 278.918 141.53725 163.848 178.68925 156.3785 घर
542.4757 578.5149 542.09717 506.05798 36.440567 54.594986 126.88963 108.735214 और
-5.5838623 72.70253 83.43273 5.1463394 151.31557 121.97627 150.6078 179.9471 सब
5.82864 75.94884 76.23546 6.115261 215.86124 215.18845 245.06183 245.73462 समय
7.401724 43.635628 43.8347 7.6007977 278.815 278.5647 307.38525 307.63556 पर
8.65415 55.972786 56.18196 8.863325 328.93607 328.71042 372.57858 372.80423 कई
10.132704 58.780113 58.86963 10.222219 388.107 387.9978 427.88745 427.99664 दफे
82.12134 122.30461 122.35791 82.17464 398.33777 398.26538 427.85254 427.92493 वह
