124.58154 174.51276 174.5362 124.60498 9.878546 9.812443 27.505445 27.571548 आया
125.01689 160.82039 160.90816 125.10466 36.115456 35.984917 60.05326 60.1838 उसे
41.518276 96.19757 96.60275 41.92346 180.48106 179.98723 224.85075 225.34459 चला
0.50200653 38.994576 44.879227 6.3866577 399.71637 390.4267 414.8103 424.09998 गया
86.086624 158.35574 153.82486 81.55574 295.8565 318.99255 333.14545 310.0094 मन
526.9755 578.29486 584.4753 533.15594 429.14218 408.64816 424.1246 444.61862 पास
188.75331 242.55452 242.62056 188.81935 12.473824 12.349968 41.038567 41.162422 सबसे
78.888824 127.96866 128.34717 79.267334 249.99168 249.42245 282.05933 282.62857 समय
421.41034 566.39557 602.0655 457.08026 335.2587 275.42685 361.8627 421.69455 वह
245.48929 280.0571 280.0801 245.5123 9.685823 9.640516 27.18186 27.227167 पर
18.681538 103.90614 120.42636 35.201756 87.731445 74.15877 177.89139 191.46407 सल्फाइड
480.1002 562.98706 584.18445 501.29758 123.256744 80.10005 120.81192 163.96861 गीत
484.1635 552.74066 566.01495 497.4378 198.99188 165.27829 192.27963 225.99323 गाए
