434.31903 524.18134 526.30334 436.44104 362.384 357.41245 395.76816 400.73972 यह
178.44287 265.57056 264.73987 177.6122 193.01904 196.10434 219.56305 216.47775 बीस
178.36337 283.36584 283.08716 178.0847 234.2478 235.9851 252.82797 251.09067 हजार
522.8876 556.802 516.07324 482.15884 9.589951 41.740005 84.70389 52.553833 लूट
201.18822 310.73053 310.99597 201.45367 294.5143 293.7228 330.46396 331.25546 गयी
485.2336 505.19138 490.7061 470.74832 11.674595 34.849537 47.323933 24.14899 अगर
330.54166 391.35367 393.20535 332.39334 265.21652 258.83426 276.4775 282.85977 मन
334.7703 394.78848 396.84055 336.82236 291.78903 286.27042 308.58768 314.1063 इस
418.76456 490.01163 491.70853 420.46146 284.0658 277.5147 295.96985 302.52094 वक्त
339.42914 438.5562 440.66864 341.54156 311.0746 302.89832 328.50903 336.6853 अपने
342.09927 459.15976 461.0226 343.96213 337.84332 329.70294 356.4909 364.6313 सकती
