158.54532 281.6253 281.41974 158.33974 231.36716 231.98889 272.68967 272.06793 करो
158.20222 247.74709 247.94713 158.40227 289.95065 289.5391 333.06027 333.47183 बैठ
332.11127 447.0415 451.4563 336.52606 273.8104 262.23343 306.06125 317.6382 खेल
343.5898 438.28275 440.76852 346.0756 345.93762 339.72467 377.6114 383.82434 इस
167.71832 277.44003 276.14636 166.42465 181.26906 184.89986 223.99425 220.36345 सभी
439.49042 516.5816 518.2457 441.15454 345.73886 340.89603 367.3865 372.22934 तरह
445.71548 511.16373 512.08826 446.63998 384.22318 381.2742 401.79257 404.74155 कर
522.646 558.8184 515.417 479.24457 3.8620987 38.13466 83.94205 49.669487 और
554.7299 594.8372 600.7198 560.6125 127.24678 105.41852 116.2271 138.05536 यह
555.0298 594.84607 600.60925 560.79297 151.63213 130.35985 141.14708 162.41936 रहा
