111.58932 280.75726 280.9966 111.82867 288.3475 287.73172 353.48923 354.105 बीस
379.7084 456.8848 459.05002 381.87363 356.15768 351.5518 387.83194 392.43784 हुए
175.50024 237.47781 236.7626 174.78503 173.2981 176.47552 190.42606 187.24863 साथ
175.45859 277.61237 276.9211 174.76732 195.8176 199.51675 218.60611 214.90695 चयनित
175.39795 214.7341 214.4389 175.10275 228.59201 229.42508 243.36426 242.53119 पर
233.01389 284.67227 284.38632 232.72794 230.24976 231.34381 244.84564 243.75159 एक
331.63403 473.3001 478.06653 336.40045 302.81143 290.51828 345.44638 357.73953 देश
154.04391 207.49527 207.33374 153.88239 245.0539 245.41772 269.14832 268.7845 रह
227.95352 277.25543 277.10034 227.79842 246.50098 246.83661 269.62317 269.28754 रह
457.10187 511.591 513.1929 458.70374 338.8739 335.30835 359.7887 363.35425 और
460.4081 537.287 538.5515 461.6727 370.1479 366.21588 390.94086 394.87286 सबसे
