498.47733 523.7887 501.36832 476.05695 13.651695 43.040596 62.35028 32.96138 रखा
338.97284 490.09198 494.7306 343.61145 261.95044 245.91754 289.63922 305.67212 एक
351.6336 505.70862 508.6762 354.6012 341.38733 330.98242 374.92645 385.33136 एक
148.66014 245.37852 245.26466 148.54628 246.7345 247.14594 273.91626 273.50482 उस
148.33083 291.0412 291.27313 148.56273 292.22354 291.39706 331.4401 332.26657 उससे
350.94894 497.21982 500.26834 353.99747 305.7225 293.35025 329.39108 341.76334 अपनी
187.08296 253.6635 252.6233 186.04277 174.85826 177.91957 200.54243 197.48112 एक
187.00601 287.71814 287.19205 186.4799 210.53046 213.43622 231.67068 228.76492 गजरा
530.7141 551.9109 525.79565 504.59885 45.760345 65.99255 93.35295 73.12074 और
18.080631 45.046627 44.997013 18.031017 178.45432 178.53934 194.2739 194.18887 रहे
426.4958 528.9557 530.56244 428.10254 381.6947 376.91766 411.37988 416.15692 मगर
209.9433 262.84967 261.48862 208.58224 143.06729 146.51376 167.40729 163.96082 जोर
