7.9218903 51.30916 51.232124 7.8448577 177.2706 177.53552 190.15115 189.88623 आकर
371.75104 441.651 447.32654 377.42657 257.35632 249.90344 303.13397 310.58685 हुई
378.9162 477.9652 481.2563 382.20728 302.05554 293.61676 332.24524 340.68402 और
386.24634 496.3451 498.75012 388.65137 347.78354 340.79996 378.7158 385.69937 ठीक
241.099 286.68588 285.96918 240.3823 195.89859 197.60773 216.72379 215.01465 पर
173.20285 278.8611 278.5295 172.87125 226.47043 228.74185 244.1676 241.89618 सोचकर
173.16734 239.76122 239.59377 172.9999 246.30954 246.97006 263.8523 263.19177 पहले
545.35254 575.98486 579.9602 549.3279 153.23465 136.82428 144.2449 160.65527 यह
511.39587 553.17114 524.0105 482.23523 7.076729 55.59481 80.702835 32.184753 उतना
420.93936 524.7086 526.29626 422.527 385.71567 381.058 416.4299 421.08755 पाप
198.10602 280.06927 280.01068 198.04744 276.4642 276.66556 300.5178 300.31644 लोग
197.67215 256.38263 256.68524 197.97476 311.87613 310.8909 328.92374 329.90897 उस
