335.2218 530.1159 532.8394 337.9453 352.47025 340.2441 383.65952 395.88565 समझ
144.96753 215.01114 214.73209 144.68848 235.17911 235.90741 262.7451 262.01678 लिए
144.92816 286.7589 286.672 144.84123 273.04263 273.67984 293.02902 292.3918 महलसरा
144.66823 204.02657 204.23634 144.878 303.40024 302.7018 320.53207 321.2305 सब
231.54346 291.76233 292.029 231.81012 302.3781 301.66956 324.33252 325.04108 कुछ
144.22229 213.23657 213.86002 144.84573 326.29565 324.63782 350.5912 352.24902 और
520.466 543.38513 519.3398 496.4207 12.207024 33.762665 59.32891 37.77327 उन
339.76196 407.69025 410.4192 342.4909 265.89777 258.8224 285.0221 292.09747 यह
347.58466 487.89496 490.15332 349.84302 314.97778 303.71173 331.8379 343.10394 कहकर
543.0216 588.8594 595.14026 549.3025 140.80537 115.992905 127.59596 152.40843 कर
