346.05087 452.2949 456.5803 350.33627 302.4758 293.303 342.93845 352.11124 वह
187.0401 273.8546 273.6752 186.8607 245.11673 245.90857 265.57755 264.7857 चाय
186.51917 278.40915 278.74475 186.85477 306.25082 305.00137 329.68222 330.93167 तरह
518.2229 557.3054 516.07324 476.9907 4.159607 41.208855 84.70388 47.654633 और
168.73367 260.14014 259.6457 168.23924 218.08052 220.12593 242.22145 240.17604 कर
168.6687 297.57098 297.51074 168.60847 256.96927 257.18478 293.20285 292.98734 इनसे
557.57684 593.55804 599.4986 563.5174 113.10064 93.33378 104.147224 123.914085 इस
556.8675 596.4737 603.2531 563.6469 127.785904 106.25769 118.73006 140.25827 गयी
557.55066 593.5797 599.7938 563.7648 147.96591 128.68298 140.29382 159.57675 लगे
559.5196 590.7211 595.07074 563.8692 170.44101 154.03986 162.31448 178.71564 यह
145.52605 229.01643 229.91124 146.42085 342.43738 339.70825 367.08282 369.81195 एक
