336.64725 396.68375 398.14987 338.11337 318.9502 314.21893 332.82336 337.55463 एक
343.2553 483.76447 484.8686 344.35944 350.51044 341.5979 359.0053 367.91785 सरफराज
196.93585 298.14178 297.28784 196.08191 191.4386 195.16016 218.38315 214.66159 उनको
196.83255 286.5315 286.24503 196.54607 234.14268 235.61961 253.01799 251.54106 इतना
145.30821 238.46654 238.44075 145.28242 262.91708 263.01486 287.57877 287.481 हाथ
144.94162 226.7378 227.03256 145.23639 297.8953 297.17392 330.59702 331.3184 मौर
144.33209 238.16162 239.0192 145.18967 353.6035 349.97733 372.16782 375.79398 रस्म
516.88983 553.0784 514.5146 478.326 2.6077423 36.80533 77.61438 43.416794 लोग
330.67392 436.36575 437.26712 331.5753 378.768 373.46344 391.42328 396.72784 खटपट
461.1847 531.50134 532.90784 462.5912 366.4633 362.75058 389.3895 393.1022 होने
227.37129 322.42285 322.78265 227.7311 297.87912 297.00296 336.0383 336.91446 और
