25.508173 63.1317 63.393715 25.77019 210.55263 210.19212 237.53749 237.898 अपने
33.54879 69.73617 69.99917 33.81179 251.0217 250.616 274.07455 274.48026 भइया
72.86908 97.94589 98.141556 73.06474 250.62186 250.34695 268.19614 268.47104 तक
396.30817 590.3488 628.40546 434.3648 350.69797 263.429 348.0471 435.31607 तरह
214.56517 287.04657 287.10876 214.62737 6.905866 6.758152 37.26963 37.417343 यकीन
4.8041553 56.00759 72.066986 20.86355 107.92309 98.4789 185.54794 194.99214 पर
87.180435 144.25348 156.34573 99.27269 107.60982 99.5291 184.93517 193.01588 दन
116.0518 216.54448 216.70036 116.20769 5.957168 5.633087 53.97461 54.29869 बहस
56.708252 72.74304 76.543686 60.508896 62.337196 59.56275 81.52845 84.302895 रहा
64.32022 80.03247 83.686584 67.974335 104.41039 101.69175 122.81045 125.52909 जब
71.63203 93.208824 93.31989 71.743095 144.82434 144.68948 162.46259 162.59744 हाल
512.54474 538.6632 527.2675 501.14902 -0.5946274 7.1682434 45.50963 37.746758 और
487.12518 582.2413 607.4649 512.3488 106.61467 56.630203 104.628494 154.61296 तुम
483.12256 575.35693 596.3993 504.16492 237.35452 193.314 237.38306 281.42358 खुद
6.268386 34.30963 39.933315 11.89207 401.57764 394.8153 418.135 424.89734 पतले
