465.42548 587.81537 612.54364 490.15375 253.91748 195.85138 247.97284 306.03894 एक
458.17303 589.2819 615.60504 484.49615 331.55112 273.0142 331.97165 390.50858 सभी
148.7951 187.49442 187.53174 148.83243 23.640547 23.554012 40.24244 40.32897 नस
29.266514 57.068996 66.02258 38.220097 62.843513 57.829018 107.47152 112.486015 यही
461.28152 561.6295 580.72656 480.37857 101.343735 47.89775 83.753555 137.19954 जल
450.63678 540.7786 565.7305 475.58868 187.51225 142.24458 191.9315 237.19917 भुन
204.8392 250.61292 250.64096 204.86725 9.687887 9.621836 29.062616 29.128668 साथ
57.881897 83.77994 91.580734 65.68269 139.6091 135.10196 179.92535 184.4325 रखे
68.32877 98.02723 106.10555 76.4071 190.02344 184.93896 232.12448 237.20895 और
79.50992 100.05798 105.39467 84.8466 255.09409 251.4751 281.7759 285.3949 घर
190.43423 245.17346 245.23212 190.49289 31.923418 31.757702 51.13183 51.297543 समय
118.21677 167.80249 167.97626 118.39053 105.744545 105.48607 138.82303 139.08151 छिपकर
123.46897 141.69856 147.79202 129.56242 139.68959 137.03746 178.92107 181.5732 गई
