109.518074 148.01874 158.27881 119.778145 221.81421 216.10992 285.35983 291.06412 उसे
173.86563 241.57611 241.64325 173.93277 29.173403 28.96843 51.1427 51.34767 नफरत
85.918655 153.34134 150.2293 82.8066 296.74545 318.3602 328.0676 306.45285 आज
2.071251 40.735424 46.893627 8.229454 393.91656 384.57153 410.0504 419.39545 कहा
377.20322 459.46945 475.3115 393.04526 408.65317 373.23282 410.027 445.44736 कम
471.22626 593.3277 618.37067 496.26923 347.75616 294.2497 351.39746 404.90393 वेतन
49.73892 74.4792 82.45056 57.710278 84.28878 79.9866 125.82702 130.1292 बंद
65.903786 92.29856 97.93609 71.54131 171.09926 166.54613 199.22719 203.78032 कर
382.14398 479.52472 507.67798 410.29724 118.500206 65.69037 117.60465 170.41449 पर
273.06943 299.57462 299.59744 273.09225 5.9909196 5.959692 25.3199 25.351128 पर
501.07806 559.9118 559.8066 500.97284 6.9121857 7.165333 31.626373 31.373226 आज
487.58127 587.4221 604.4877 504.64682 154.35052 103.66846 137.28659 187.96866 अगर
477.19882 553.4989 571.65125 495.35117 233.25592 196.626 234.43723 271.06714 वह
478.00272 550.136 563.813 491.67972 301.53644 268.75977 298.85938 331.63605 उस
