136.47327 233.36261 233.48633 136.59698 8.7591715 8.472237 50.249344 50.536278 उससे
86.25455 156.94269 151.0079 80.31976 294.96765 317.56586 336.13013 313.53192 वह
22.739998 71.81771 86.488174 37.41046 44.40016 35.981506 121.50496 129.92361 गिर
45.512497 88.25972 100.2917 57.54448 160.89188 153.4798 222.871 230.28308 रहा
433.43704 561.724 578.73047 450.44348 332.8318 275.0783 312.85443 370.6079 मण्डली
247.82048 310.53217 310.56683 247.85515 5.06001 4.9695168 28.976147 29.066639 जगह
5.124069 64.20947 78.02211 18.936707 211.91194 200.6918 273.42926 284.64938 पर्यावरण
498.227 550.32965 550.1608 498.05817 6.8815536 7.166649 38.01494 37.729843 बात
412.15787 582.73975 622.6019 452.02005 160.8602 72.18912 148.87436 237.54544 मन
136.18622 185.35193 185.47168 136.30597 55.158035 54.912292 78.8696 79.11534 अपने
90.220474 134.56752 145.0885 100.741455 214.15009 207.30292 275.44418 282.29135 और
345.00156 420.01584 438.16745 363.15317 59.844505 16.837234 48.497734 91.505005 अपने
