321.2923 355.86578 356.80402 322.23053 130.4654 128.54977 145.48355 147.39917 लेकर
325.6817 351.07336 351.93268 326.54102 154.61964 153.10951 167.55855 169.06868 एक
77.50428 117.00706 117.00341 77.50063 301.97702 301.98245 328.4988 328.49338 पर
269.33563 340.21704 375.26514 304.38373 225.03215 203.13312 316.57452 338.47357 भुन
172.48253 221.92644 221.9069 172.463 3.9004135 3.962986 19.38824 19.325668 एक
439.42258 480.66183 474.77994 433.54068 173.21625 186.18762 204.88776 191.91638 इस
491.5127 545.7583 540.85376 486.6082 190.07385 207.629 222.78397 205.22882 समय
489.59766 560.729 560.35 489.21866 114.30185 114.832794 165.61084 165.0799 सकता
346.05637 428.54062 456.34836 373.8641 215.42096 194.16486 302.07263 323.32874 यह
494.5692 536.735 536.8013 494.6355 8.038456 7.929035 33.46391 33.57333 पत्र
398.29193 446.21802 439.1507 391.2246 170.3969 185.16609 208.09962 193.33043 तीन
437.8204 472.25528 474.53983 440.10495 63.9295 62.797592 132.2976 133.42952 पड़े
