18.17419 48.24992 48.390247 18.314518 126.984726 126.81215 151.26631 151.43889 सहन
50.776134 58.98444 63.00211 54.793804 126.83306 125.31111 146.97946 148.50142 न
66.34729 83.25984 87.24899 70.33644 126.76061 123.829254 146.84485 149.77621 कर
25.60059 43.960896 50.25781 31.897503 160.5984 157.00194 189.14836 192.74483 और
53.413704 70.83614 74.94532 57.52288 169.74095 166.54741 188.9651 192.15865 जब
78.33302 97.136475 101.11549 82.31204 169.57742 166.37985 189.77856 192.97614 तक
103.201935 124.374176 129.31023 108.137985 161.15813 157.86198 189.56798 192.86412 लोग
133.46973 254.95416 255.09192 133.60748 5.960912 5.5931396 51.101982 51.469753 आज
105.24868 119.51931 119.57407 105.303444 126.79399 126.72069 137.38097 137.45427 आप
253.37038 311.36072 311.38995 253.39961 6.911627 6.8317833 28.057974 28.137817 वचन
5.3733587 29.69579 29.719162 5.3967314 38.345627 38.310684 54.579826 54.61477 समय
12.115118 35.97953 36.02507 12.160662 71.53415 71.465225 87.234375 87.3033 समय
40.279495 50.58837 53.837593 43.528717 71.472534 69.570694 87.18294 89.08478 पर
17.079252 30.48205 35.929436 22.52664 95.97175 93.33982 121.08001 123.71194 कई
