379.59283 532.81757 553.8432 400.61847 395.62775 328.9419 377.2527 443.93854 असमर्थ
563.8194 596.8503 586.3138 553.2829 290.19376 293.90567 387.66653 383.95462 है
170.08058 234.66466 234.75734 170.17326 6.8992605 6.7378006 43.81512 43.97658 रहने
6.645714 38.95096 45.584938 13.279694 393.89383 386.0945 413.57278 421.3721 पर
520.2936 550.3296 537.93335 507.89734 -1.8626442 7.1666374 48.40287 39.37359 पर
2.1070976 60.46384 75.6098 17.253063 69.05543 58.620712 143.32529 153.76 उम्र
33.68272 112.51175 113.27321 34.44418 211.47372 210.57626 277.4616 278.35907 साठ
375.24634 447.7862 467.24463 394.70477 148.01566 109.40442 145.9614 184.57263 कहते
233.77026 322.99554 323.02356 233.79828 9.686419 9.557667 28.958174 29.086926 चलन
81.11395 131.51973 131.71155 81.30577 103.03252 102.768814 139.43501 139.69872 देखकर
92.60338 122.11566 122.29701 92.78473 163.70885 163.49055 188.00893 188.22722 आप
126.27623 160.60042 160.61342 126.28923 4.652329 4.6241646 20.472301 20.500465 भरा
127.5202 168.64621 168.73477 127.608765 39.634964 39.477448 62.60176 62.759277 हुआ
118.77019 165.69026 166.06905 119.14897 250.53357 249.98752 282.5348 283.08084 असर
