158.97635 243.36588 243.51212 159.12259 5.0350056 4.773964 52.054237 52.31528 पर
20.911095 61.234184 70.03977 29.716682 74.912544 67.68597 116.81963 124.04621 आप
72.799904 112.71281 122.69134 82.778435 54.287952 48.176865 113.34891 119.45999 लोग
35.174034 100.76833 101.05418 35.459877 146.5012 146.02428 185.33717 185.8141 आराम
13.354946 37.949665 42.16344 17.568722 390.1275 384.16296 401.5384 407.50293 कम
124.082 171.85007 171.94223 124.174164 32.96102 32.79126 58.724304 58.894066 पर
413.50836 596.9391 635.51117 452.08044 362.44617 281.31885 368.5313 449.65863 कर
492.94275 536.0403 535.9136 492.81607 8.5967865 8.807446 34.7345 34.52384 कर
250.44856 295.2661 295.34656 250.529 4.135267 4.0350533 40.001347 40.10156 तुम
51.83115 81.94751 89.433075 59.316715 189.33875 183.93954 225.69339 231.09259 रहा
61.013916 95.18565 104.95059 70.778854 236.40558 230.36664 285.622 291.66095 फिर
