219.6354 304.0172 303.91763 219.53584 34.060287 34.187805 100.054535 99.92702 गया
207.44397 275.7979 278.01624 209.6623 228.03996 225.38821 282.56915 285.22092 हार
453.27563 501.71594 501.44507 453.00476 23.52848 24.025764 50.412262 49.914978 पर
33.850693 163.51901 154.91661 25.248299 36.224815 56.837257 110.952965 90.34052 अपूर्व
263.6911 335.84222 335.79456 263.64343 9.75639 9.855118 44.68275 44.584023 उनका
406.2534 450.6472 450.5026 406.1088 4.8742867 5.139145 29.373959 29.1091 पर
8.72348 162.73752 155.28929 1.2752607 100.883835 120.52553 178.92827 159.28658 तीन
432.21957 478.45743 469.7769 423.53903 62.016197 88.204216 103.53066 77.34264 बना
417.6889 466.87396 510.78552 461.60046 193.29846 144.02853 187.86444 237.13437 एक
314.7207 352.0431 351.99817 314.67578 49.806572 49.866394 77.89675 77.83693 हुआ
317.39923 357.89862 357.86383 317.36444 90.98378 91.05847 109.913956 109.839264 नजर
166.46678 201.45451 202.79677 167.80904 224.96538 223.57004 257.2265 258.62186 और
