8.623688 79.90751 76.082726 4.7989054 44.506264 56.446884 79.28029 67.33967 एक
94.37134 196.51712 192.09195 89.94617 59.742012 76.626976 103.39715 86.512184 मनहूस
8.600525 68.82622 65.38667 5.1609807 82.82253 91.91515 114.69727 105.60465 रहा
284.96326 342.74463 342.6657 284.88434 52.248337 52.341797 101.120514 101.027054 और
465.57147 525.27814 524.7855 465.07886 25.25605 26.032425 63.91465 63.138275 ओर
209.52486 283.44885 285.8958 211.97185 213.27544 210.38098 272.87726 275.7717 पर
363.06747 398.16696 390.23483 355.13535 176.55054 182.09402 232.31766 226.77417 हुए
25.816868 52.82264 51.665737 24.659964 173.12714 176.32822 186.08835 182.88727 उन
65.335495 98.75046 97.50438 64.08942 177.98221 181.92859 192.47952 188.53314 तरह
212.70322 283.1931 283.10706 212.61714 34.049812 34.156334 91.11762 91.0111 इसी
165.68819 210.55424 212.02794 167.16188 227.41014 225.63104 262.79578 264.5749 चल
356.58374 395.68494 394.7152 355.614 240.85718 242.07928 273.10522 271.88312 वह
423.72375 481.1535 480.9925 423.56274 5.739002 6.104065 31.43246 31.067398 करने
277.2685 324.6147 325.4461 278.0999 286.0606 284.27008 306.25568 308.0462 जगह
