441.7124 473.33832 501.2671 469.64117 191.75636 160.05275 187.91307 219.61668 इस
257.9122 348.0847 347.97842 257.80594 23.75483 23.885628 97.16496 97.034164 भर
322.46545 388.01233 386.5995 321.0526 187.88118 190.333 228.10384 225.65202 कर
7.1882324 196.88135 186.38214 -3.3109727 13.865013 44.603355 109.396355 78.65801 दौलत
455.61847 534.82263 534.38226 455.17813 3.483265 4.2654 48.852234 48.0701 और
205.82385 266.52045 266.45633 205.75972 45.43129 45.527084 86.168655 86.07286 पूरब
345.0403 389.1207 387.99985 343.91946 244.35086 245.7084 282.1022 280.74466 और
33.157455 153.042 149.9012 30.016647 99.620605 117.10132 138.6413 121.16058 खयाल
33.02672 140.9291 138.21007 30.307695 143.50412 157.1716 178.63788 164.9704 पालन
427.23645 466.0434 457.85663 419.04968 62.508476 84.52894 98.956535 76.93607 रख
413.17023 440.13855 455.23206 428.26373 185.48734 158.32639 173.31284 200.47379 नजर
