442.1164 531.5346 531.1888 441.77057 4.4152336 5.2108345 44.078712 43.28311 देकर
222.42459 311.5797 311.51334 222.3582 6.916424 7.036968 56.13056 56.010017 अब
241.00728 299.46466 301.24017 242.78279 244.83571 242.58359 288.67047 290.92258 घुसकर
10.776611 146.03123 140.21571 4.9610844 33.020348 55.65271 90.40717 67.77481 वकील
10.731194 81.29304 77.779236 7.217394 89.04624 99.48934 123.231346 112.788246 बन
107.08238 171.99466 168.4977 103.58541 104.320145 113.89873 137.59703 128.01845 कर
228.03653 273.91345 273.86777 227.99086 59.26384 59.34677 84.61186 84.52893 लिपट
287.02362 310.59143 311.64252 288.0747 59.361706 58.56343 89.59415 90.392426 गई
298.46735 342.88263 341.6054 297.19012 133.42583 135.36821 164.5738 162.63142 यह
361.37973 413.98434 412.76993 360.1653 136.17714 138.47765 166.24736 163.94685 बात
198.5349 220.46812 221.29655 199.36333 224.64726 223.76225 244.29308 245.17809 बच
199.21516 241.16502 241.94145 199.9916 263.98203 262.35196 282.3334 283.96347 सकता
11.624184 113.026474 112.26042 10.858132 366.1723 368.71228 399.29523 396.75525 दास
338.879 388.81808 387.39664 337.45755 171.18274 173.15335 209.17627 207.20566 एक
