18.329575 194.57109 187.99895 11.757437 3.8868866 38.449524 71.9621 37.39946 उसका
18.22461 147.53754 142.1886 12.875669 72.427185 91.88237 127.43515 107.979965 तरह
239.52106 334.87463 334.76447 239.41089 25.606377 25.745743 101.105484 100.96612 पता
325.34515 407.2176 404.6192 322.74677 158.37802 161.72778 225.2356 221.88583 रहा
217.86154 281.75208 282.4181 218.52756 213.51709 212.91086 283.10394 283.71017 इस
407.89197 437.02893 461.57074 432.43378 212.42027 183.16661 207.61052 236.86418 चल
444.2044 479.66986 504.29248 468.82703 175.80081 140.19333 164.71771 200.3252 गया
22.49028 48.71615 46.953613 20.727745 145.86029 149.22998 162.94763 159.57794 की
58.157654 97.77848 96.42029 56.79946 154.5858 159.65935 170.26588 165.19234 सतह
431.2221 476.5515 467.39307 422.06366 61.45128 87.12477 103.295044 77.62155 सब
324.2841 378.86313 377.8486 323.26956 130.4662 132.87953 155.82353 153.4102 करना
175.05757 216.28764 217.51457 176.2845 222.75702 221.73947 271.45422 272.47177 ऐसे
10.384739 51.59698 49.886032 8.673789 248.83209 252.12268 273.5509 270.2603 हुए
10.3637085 65.64718 64.60898 9.325507 275.4791 279.42044 293.98276 290.0414 कहा
