204.17474 292.39716 292.30542 204.08302 19.928963 20.054993 84.252846 84.126816 बहुत
318.5155 406.51855 404.71606 316.713 175.31824 178.73938 225.10556 221.68442 हाल
412.67587 452.58646 495.32657 455.416 182.70555 150.84618 204.38725 236.24663 उठे
234.4547 280.27576 281.31396 235.4929 211.8804 210.02048 235.59836 237.45828 रखा
234.72305 276.32162 277.26913 235.67056 266.8288 265.22656 289.8266 291.42883 गया
314.38916 359.33337 359.2854 314.3412 33.25782 33.333046 61.989487 61.91426 सभी
331.36838 415.63467 413.5021 329.2358 122.40225 126.211975 173.38116 169.57144 उनकी
343.05963 404.37433 403.28314 341.96844 228.92346 230.92368 264.37277 262.37256 एक
464.84808 531.1475 530.7076 464.40814 13.955345 14.687813 54.506325 53.773857 लिए
173.61288 230.45956 231.75058 174.9039 248.77927 246.56372 279.68857 281.9041 साफ
