410.2679 470.53415 502.62247 442.35623 198.30023 137.80832 169.77692 230.26883 वरजिन
204.11115 310.13043 310.034 204.0147 4.1141434 4.255768 76.46044 76.31882 फोन
328.11115 403.26447 402.14478 326.99146 190.5842 193.37311 223.54507 220.75616 सकता
9.249626 88.37293 84.351105 5.2278004 7.67091 22.221382 44.09147 29.540997 स्तर
107.54047 162.26025 158.40979 103.69 26.70959 36.77235 57.710575 47.647816 पर
12.704681 151.1646 146.07817 7.618252 41.758408 64.67061 95.408264 72.49606 भारतीय
9.199394 115.84521 111.32516 4.6793447 83.528046 99.22757 129.93196 114.23244 उद्योग
9.165558 122.25401 119.452545 6.364093 134.62885 149.22778 170.92886 156.32993 प्रयास
217.75801 254.2523 255.29243 218.79814 210.86322 209.37949 234.96262 236.44635 एक
218.3493 276.9408 277.85153 219.26004 262.96622 260.69687 284.21115 286.4805 सफल
22.821182 73.604614 73.08604 22.302608 367.9377 369.47482 386.6075 385.0704 आप
82.70131 139.15189 138.4781 82.027534 364.6183 366.32697 388.5868 386.8781 इतने
315.72525 410.50186 408.26462 313.488 124.08836 128.34639 178.14388 173.88585 हाथ
