7.350359 61.992676 62.153183 7.510866 72.45223 72.233284 112.288994 112.50794 चक्कर
70.059494 130.92912 131.07677 70.20714 72.31248 72.074486 109.839165 110.077156 खाकर
19.218872 81.050545 81.40347 19.5718 130.20265 129.7682 179.99684 180.43129 जमीन
216.5766 269.2121 269.26544 216.62994 30.957767 30.805355 49.227535 49.379948 मदद
463.19574 566.726 591.9743 488.44403 131.48975 77.56253 126.034515 179.96173 वह
502.29883 523.5301 514.1722 492.94092 1.6083374 7.824604 39.785854 33.569588 रह
523.5011 581.37573 581.25244 523.3778 7.550888 7.8236313 33.98577 33.713028 सकता
64.58382 73.60878 76.59915 67.57419 242.51346 240.80804 256.63297 258.33838 यही
141.04651 207.79327 207.89102 141.14426 8.759244 8.583576 45.723965 45.89963 एक
0.7809601 38.1689 44.781994 7.3940544 398.5596 389.5433 416.9658 425.9821 शरीर
90.1334 99.77973 104.08218 94.435844 209.02386 207.36203 232.33633 233.99817 के
106.46727 129.25922 129.42389 106.63194 215.77838 215.5639 233.06204 233.27652 ऊपर
131.86351 148.08589 150.85732 134.63493 215.5592 213.15991 231.8982 234.29749 एक
97.263885 118.795715 118.96596 97.43413 243.72028 243.49228 259.57037 259.79837 आध
100.427025 114.47329 118.74308 104.696815 267.05472 264.67075 289.8281 292.21207 इंच
208.8988 252.40118 252.43726 208.93488 4.1208105 4.058037 29.060028 29.122803 एक
446.76868 514.1397 526.2639 458.89288 318.33853 287.79227 314.53268 345.07895 बेशक
513.6881 596.86975 608.8805 525.69885 289.21082 251.53326 278.04974 315.7273 आपकी
449.56326 491.0054 498.40683 456.9647 369.8994 351.9372 369.01373 386.97595 राय
