220.21951 327.46606 327.35452 220.10799 15.280968 15.470856 78.44309 78.253204 भीतर
419.63184 457.67883 457.58728 419.54028 12.392729 12.6122875 28.482515 28.262957 अब
65.249664 134.1835 129.43872 60.504883 33.169037 45.215717 72.3665 60.31982 और
65.037476 133.33875 129.02338 60.722107 68.2825 79.15788 106.259964 95.38458 और
412.48584 471.38104 506.8653 447.9701 203.577 144.52637 179.91724 238.96786 जीवन
429.89325 464.95148 455.81842 420.7602 61.80381 81.672325 97.78765 77.919136 वह
236.86452 268.38257 269.354 237.83595 223.30226 222.03514 246.19856 247.46568 यह
431.52948 460.80103 483.56757 454.29602 154.13257 124.65765 147.26709 176.742 रहा
43.809937 125.511566 121.708374 40.006744 99.28134 111.0874 137.40674 125.60068 उसको
43.66652 149.90178 146.5204 40.28514 135.05484 148.74142 174.98776 161.30118 कलंकित
