240.15782 295.90643 296.91064 241.16203 259.2504 257.09018 283.00552 285.16574 साहब
10.368317 177.78174 167.53397 0.1205492 8.299347 36.09134 97.82184 70.02985 अपने
265.95767 358.72885 358.618 265.84683 8.830772 8.957207 90.271416 90.14498 साथ
344.47968 393.4914 392.46783 343.45612 191.19164 193.01045 220.5923 218.77348 बात
171.14108 240.25717 242.43848 173.32239 227.10135 224.41068 280.4428 283.13348 हुआ
461.45294 517.84735 517.37775 460.98334 22.457481 23.157715 60.98037 60.280136 देख
351.572 395.28488 387.1851 343.4722 231.42755 238.2445 290.18335 283.3664 उसे
406.25378 462.18726 462.0423 406.10883 4.81567 5.149372 29.442802 29.1091 गठरी
217.9669 238.17763 238.15477 217.94405 19.948658 19.977528 35.98073 35.95186 घटी
318.63342 404.95856 402.93866 316.61353 123.02229 126.91286 171.7304 167.83983 सूरदास
