433.2176 470.54254 460.91907 423.59412 62.58146 83.72144 100.71276 79.57278 पर
334.95804 389.39932 388.13327 333.692 173.49081 175.62317 207.9472 205.81485 उठा
236.9017 353.6248 353.50223 236.77914 6.009346 6.166527 97.175354 97.01817 जाकर
258.57687 304.5364 305.80197 259.84244 238.15465 236.34888 268.55884 270.3646 जब
420.9799 466.44394 500.59213 455.12808 200.10085 154.52513 188.58968 234.16539 जब
229.09009 256.90314 256.86658 229.05353 66.79711 66.84449 88.31301 88.26563 वह
229.69046 259.55646 259.51462 229.6486 113.26192 113.32094 134.50038 134.44136 रथ
439.68964 473.91718 473.8003 439.57275 11.87653 12.090092 30.824596 30.611034 रहा
491.03485 525.99927 525.88116 490.91672 11.993393 12.211552 31.149567 30.931408 वह
191.9866 236.15366 237.29227 193.12521 234.83112 233.07974 261.79398 263.54535 एक
460.27356 533.62195 533.2803 459.9319 32.753536 33.66428 61.177822 60.26708 बाहर
