245.77899 279.38635 280.60522 246.99786 216.07986 214.72781 245.02585 246.3779 वह
245.88571 275.45865 276.52866 246.95572 270.6454 269.515 297.50818 298.63855 रथ
462.02722 510.51678 510.3523 461.86273 18.020462 18.404518 39.172134 38.78808 एक
241.23871 355.5515 355.46912 241.15633 35.985435 36.159462 90.26563 90.091606 अस्पताल
16.673996 187.38362 176.71054 6.000914 25.918549 52.53006 120.99658 94.38507 कर
425.9122 464.50143 456.81448 418.22525 59.547646 81.41732 94.98098 73.111305 बात
321.43655 387.22 386.05978 320.27634 192.83424 195.25597 226.77278 224.35106 लगा
172.03351 239.47437 240.76324 173.32239 250.02519 247.39975 280.508 283.13345 शायद
370.06418 413.4778 412.92783 369.5142 74.507484 75.42866 101.349495 100.42832 पर
247.99219 279.17108 279.14832 247.96944 18.868889 18.91323 34.90709 34.862747 सतह
289.95248 303.80124 304.51913 290.67038 12.396423 11.904358 32.109062 32.601128 के
315.52533 340.79626 340.77655 315.5056 18.964909 19.002796 32.163414 32.125526 जल
355.27295 390.32184 389.5874 354.5385 236.97568 238.08713 261.24753 260.13608 पग
386.2437 428.08612 427.87067 386.02826 21.428486 21.817142 45.01578 44.627125 वह
92.25618 214.75381 209.32137 86.82372 105.878174 122.88464 162.01465 145.00818 आप
378.49435 421.88272 420.63126 377.2429 120.97635 122.95636 150.38034 148.40033 सब
