58.482162 181.98232 174.51457 51.014423 24.66063 45.707855 89.526764 68.47954 पर
329.6314 388.12836 386.66003 328.1631 122.801315 125.44267 157.96092 155.31956 किस
320.5911 376.30338 375.4034 319.69113 183.82864 185.93881 209.69992 207.58975 काम
255.16043 307.2517 307.2064 255.1151 37.90188 37.98996 64.80078 64.7127 पास
212.89763 270.11578 270.90125 213.68309 214.03659 213.39328 283.25504 283.89835 कैद
439.24304 475.87366 508.29303 471.6624 173.4748 145.02264 186.76083 215.21298 वह
7.0420074 109.890656 108.27881 5.4301567 328.37164 331.88593 379.05817 375.54388 पर
345.87762 384.12823 382.98804 344.73743 213.79945 215.11641 248.23332 246.91637 चुप
340.26498 382.61478 381.9597 339.6099 254.53326 255.78558 277.9386 276.68628 बना
286.25568 354.50128 354.41187 286.16626 67.669525 67.80423 113.10782 112.973114 जीवन
244.36502 272.65683 273.50504 245.21323 209.5224 208.36664 229.1304 230.28616 कर
408.61804 439.32953 468.16272 437.45123 209.36842 184.34703 219.73717 244.75856 तुम
27.381386 130.26904 125.943474 23.055809 137.75279 150.3842 185.61769 172.98628 पर
225.75288 252.99577 253.38542 226.14253 30.29269 29.969147 62.7774 63.100945 गई
168.58716 212.37009 213.63116 169.84824 241.80424 240.08398 272.18018 273.90045 उसने
