427.58084 455.07675 481.28214 453.78622 197.8551 175.95581 208.85837 230.75766 उसे
210.0963 260.4264 261.53662 211.20653 225.10938 223.09427 250.82416 252.83926 बाहर
210.32901 256.183 257.42316 211.56915 251.14644 249.36383 281.26398 283.04657 चली
416.69742 488.66177 488.5587 416.59433 3.874466 4.233492 24.902365 24.543339 जीवन
233.82385 301.86594 301.80945 233.76736 4.153839 4.244728 46.536903 46.446014 आपसे
77.74411 180.66455 175.30817 72.38772 73.03488 88.94339 123.59671 107.6882 कर
268.44592 313.59406 314.76758 269.61945 238.96628 237.19034 267.02448 268.8004 ससुर
298.30103 356.84473 356.7743 298.2306 56.108887 56.20491 99.15588 99.05986 और
428.897 466.99557 457.85666 419.7581 61.239212 82.830795 98.95654 77.36496 एक
456.59357 487.96234 517.3625 485.9937 174.32437 150.29169 188.66632 212.699 धुन
257.01285 287.55142 288.62363 258.08505 269.2634 268.09506 296.1201 297.28842 कोई
464.63724 489.48703 489.30008 464.4503 36.85213 37.126667 54.048855 53.77432 खैर
498.54602 526.89355 526.72815 498.3806 42.76319 43.093002 57.30545 56.97564 एक
235.36163 278.10272 278.05786 235.31677 55.045273 55.121445 80.31018 80.23401 बाद
