182.11566 223.4625 223.51865 182.17181 30.086864 29.967136 49.360004 49.479733 हवा
86.25456 158.63277 153.82487 81.44667 294.96768 318.10623 333.14548 310.00693 कर
438.69873 589.57666 612.0996 461.22168 394.94458 330.71436 383.62128 447.8515 उसके
3.9129066 41.109516 56.671337 19.474728 62.88925 55.90364 138.76639 145.752 ऐसे
129.5789 169.15709 169.21681 129.63863 17.332893 17.238647 42.3163 42.410545 देख
132.6089 163.08037 163.20949 132.73802 49.993206 49.846107 76.594864 76.74197 रहे
-1.0918655 24.254799 29.439896 4.093232 393.6432 387.5055 408.91815 415.05585 कर
507.03937 598.60004 581.1198 489.55914 39.731934 48.940216 222.75171 213.54343 कई
52.697277 76.55461 82.55043 58.693096 192.55992 188.20808 221.07784 225.42967 सूरत
57.614304 93.64453 93.94765 57.91742 220.3202 219.95476 249.83894 250.20439 इसकी
66.61233 107.41537 107.62855 66.82551 261.43893 260.97073 279.5485 280.0167 भयानक
233.47253 269.52817 269.58713 233.5315 17.086212 17.000832 41.893845 41.979225 उन
428.95978 495.16187 510.45386 444.25177 338.00494 309.33905 344.65485 373.32074 पर
532.36536 591.74866 580.3965 521.0132 242.22949 248.59766 354.4563 348.08813 ऐसे
58.926765 86.733315 94.633995 66.827446 31.510818 26.956192 75.1908 79.74543 और
70.10968 99.846115 106.947235 77.2108 97.566154 92.72917 136.38483 141.22182 उसी
