18.794876 114.51349 110.42035 14.701737 48.553528 64.409836 89.11864 73.26233 सजा
22.191368 108.42917 103.12445 16.886652 75.312164 88.2036 123.6897 110.79826 और
18.677162 93.47533 89.37131 14.573143 122.91989 132.67316 164.147 154.39374 इस
230.39417 314.19537 314.09668 230.29547 32.186768 32.3125 98.091415 97.96568 तब
185.08928 236.13512 237.87227 186.82643 229.01953 227.01392 271.22775 273.23337 रहते
445.24387 481.85666 472.19882 435.58603 69.392815 90.12943 107.18139 86.44477 रहा
335.77887 395.4381 393.55182 333.89258 178.45961 180.7614 229.6509 227.3491 फूल
205.17896 232.14453 232.10144 205.13586 75.30158 75.34887 99.91567 99.868385 बंद
238.89662 291.972 293.4328 240.35744 249.74078 247.6889 285.4756 287.52747 ठीक
8.783997 188.80669 181.56133 1.5386424 2.8398361 34.794556 75.61252 43.6578 उनका
