329.33914 414.13474 411.5742 326.7786 125.8961 129.69371 186.86726 183.06966 एक
169.80013 219.38472 220.73692 171.15233 241.02174 239.07669 273.54828 275.49332 बज
237.98235 282.71088 282.8382 238.10966 219.59737 219.49042 272.7599 272.86685 गये
427.9014 471.66293 463.9586 420.19705 60.67498 85.4759 99.070274 74.269356 बाल
238.5195 343.82422 343.71457 238.40987 11.580963 11.726189 91.229485 91.08426 एक
424.2052 453.65143 468.20233 438.7561 222.73903 193.19017 207.6905 237.23936 करना
456.7952 487.21408 505.3976 474.97873 189.9433 159.43521 177.56558 208.07367 पड़ता
344.7992 385.33783 384.3341 343.79547 243.0575 244.3122 276.7417 275.487 ढंग
8.529663 118.46904 111.382355 1.4429772 2.790039 22.353455 62.1781 42.614685 मुझ
8.493195 134.06143 129.42232 3.8540869 64.2911 83.865654 113.62495 94.05039 तरस
8.463745 163.04366 157.89732 3.3174198 113.98212 134.0983 173.64447 153.52829 खाओ
419.0466 448.2128 473.28757 444.12137 174.41261 145.07152 169.99687 199.33797 पर
