63.043213 199.1058 194.91898 58.856384 40.57363 64.06254 88.315285 64.82638 अन्याय
61.14733 117.50882 113.90522 57.54373 81.15514 89.89173 113.13926 104.40267 पर
477.364 527.24524 526.9984 477.11722 30.237804 30.779133 53.517628 52.9763 कर
277.3548 348.02502 350.57983 279.9096 6.9906836 4.8022842 87.30424 89.49264 दूर
205.76651 273.38968 275.54788 207.92471 220.80971 218.16199 273.2824 275.9301 इस
345.69705 389.31412 388.3314 344.71432 249.52429 250.84088 283.39838 282.0818 रहा
176.35712 210.9188 211.88342 177.32175 257.0591 255.71213 280.46286 281.80984 कर
360.32117 413.5074 411.91864 358.73242 118.960754 121.395386 156.10309 153.66846 पर
25.875076 158.0901 154.06763 21.852604 120.5567 138.04944 168.45236 150.95963 छपता
237.73694 281.02875 280.96265 237.67084 57.932358 58.003845 98.028915 97.95743 वह
