434.21622 481.8566 472.19876 424.55838 63.14707 90.12942 107.18137 80.19903 आप
225.35167 276.70837 277.1062 225.74953 218.37712 218.02502 276.05414 276.40625 तुम
8.713501 130.16548 126.217575 4.7655883 117.04578 133.22006 162.86469 146.6904 बजरंगी
316.9342 386.29156 383.90088 314.54352 167.85257 170.60965 230.75027 227.9932 इस
455.0568 485.8809 506.54263 475.71854 185.77649 154.85971 175.45953 206.37631 एक
375.0758 415.35114 414.969 374.69366 79.25885 80.08981 98.61281 97.781845 पहले
187.00975 222.12657 223.27373 188.1569 230.20184 228.80295 257.59988 258.99878 तब
76.56705 178.23123 171.88077 70.21658 29.10225 46.69783 83.389626 65.794044 कुछ
481.26385 534.4353 534.31104 481.13956 13.400307 13.748707 32.72016 32.37176 अगर
274.03528 309.49237 308.99066 273.53357 235.77847 236.14804 284.2809 283.91135 हुए
8.675735 102.758316 99.98534 5.902756 178.20258 188.41434 213.96234 203.75058 अपनी
425.88788 466.43573 466.2954 425.74756 3.9841537 4.2181396 28.532764 28.298779 उसे
