29.199478 200.10057 190.20299 19.3019 31.305428 58.096878 121.2329 94.44145 दिल
339.8527 399.99118 387.20096 327.06247 118.236404 127.87422 207.68309 198.04527 गई
228.76117 257.55988 257.74875 228.95004 236.00134 235.83759 269.0572 269.22095 वह
220.81241 268.3192 268.25952 220.7527 46.217827 46.293007 84.01334 83.93816 एक
283.09973 326.16864 327.72937 284.66046 33.96704 32.556274 80.20308 81.613846 नई
432.88562 463.78052 455.13245 424.23755 63.49965 81.00868 96.268265 78.75923 रह
51.954315 155.61371 149.89156 46.23217 113.46274 127.04236 170.72208 157.14246 ऐसी
439.14133 496.95248 496.7592 438.94803 9.461254 9.885239 36.23993 35.815945 बाद
210.41164 271.62762 272.56775 211.35173 214.09782 211.61015 234.74419 237.23186 रखकर
211.4792 240.13017 240.53325 211.88228 247.95366 247.61313 281.52557 281.86612 बैठ
16.22142 153.0194 151.95113 15.153147 354.84735 358.1042 402.97473 399.7179 ख़त
349.0275 389.5356 388.5059 347.99777 205.85448 207.28792 236.38771 234.95427 वह
341.10056 391.96005 391.18582 340.32632 253.52216 255.03235 281.10712 279.59692 कम
