229.00243 257.18097 257.6375 229.459 43.562393 43.196106 78.31965 78.685936 दर्द
59.72432 158.2987 151.81746 53.24308 74.946686 89.57875 133.24202 118.609955 और
196.82034 260.1168 262.39917 199.10272 222.39952 219.93262 278.49402 280.96094 वह
428.23373 461.19626 452.08206 419.11954 59.758713 78.42792 94.52005 75.850845 पर
211.03667 251.60783 251.56743 210.99626 26.504646 26.564163 54.111946 54.05243 इस
210.47665 241.40207 241.3595 210.43408 72.39174 72.445435 96.96225 96.908554 पर
253.96594 349.4667 349.39874 253.89798 60.84867 61.028236 97.16761 96.988045 आधारित
22.310432 111.94721 110.91366 21.276878 354.15414 356.58493 394.69772 392.26694 इस
44.71608 185.64557 181.38594 40.45646 23.052162 49.821724 72.24665 45.47709 अपना
273.66608 300.12994 300.88434 274.42047 244.32483 243.27856 262.36032 263.4066 कर
274.3117 297.08417 296.81097 274.0385 273.6089 273.85175 299.46405 299.2212 चूर
