2.9944763 47.129555 51.816948 7.6818695 396.95355 386.27423 405.64612 416.32544 करते
500.84583 546.1116 545.9436 500.67786 10.187885 10.44875 39.592857 39.331993 उन
50.870213 61.449757 66.12616 55.54661 110.37112 108.43843 134.03702 135.96971 के
69.49638 96.54022 96.63272 69.58888 117.90524 117.76813 136.0124 136.14952 ऊपर
99.87341 117.82127 121.23959 103.29173 117.77589 114.9828 136.9484 139.74149 एक
57.956074 83.47949 83.57643 58.053013 145.32103 145.16344 160.86473 161.02232 आध
61.286716 76.51208 81.57492 66.349556 165.76872 163.02626 191.13356 193.87602 इंच
187.77039 242.51779 242.57367 187.82626 7.459385 7.352871 36.07234 36.178852 ठहरो
255.93059 291.5625 291.6037 255.97179 14.857943 14.78862 35.97695 36.046276 हम
469.03174 535.00085 546.2655 480.2964 336.03394 306.81134 332.24097 361.46356 पालते
534.4088 592.23816 600.5685 542.73914 315.36313 289.92184 308.85715 334.29843 समय
470.67783 505.5676 513.10583 478.2161 377.51016 362.88394 380.8658 395.49203 घर
506.2011 540.491 548.2204 513.9305 362.61334 347.9702 366.06995 380.71307 पर
469.27798 519.4242 526.6764 476.53024 411.53302 390.74243 408.23468 429.02527 साफ
88.76524 152.92738 147.59065 83.42851 292.94067 313.3664 330.13037 309.70465 पर
28.137245 51.801567 51.962105 28.297783 193.95496 193.75446 212.70251 212.90302 अब
36.467873 52.826332 57.793846 41.435387 236.44667 233.19077 258.14856 261.40448 वह
60.932262 84.79033 90.899796 67.04173 228.4788 224.14758 257.8011 262.1323 बेहद
148.03206 182.21834 182.40544 148.21916 65.26058 65.04948 95.34939 95.56049 रहे
2.4783096 20.602844 26.437801 8.313267 180.75572 176.95549 204.78423 208.58446 उसी
11.02815 27.056602 31.820843 15.79239 219.74931 216.37358 238.99489 242.37062 तरह
33.101456 52.72576 58.043427 38.41912 212.66475 208.80675 235.85588 239.71388 चली
16.123657 28.957043 35.111156 22.277771 242.98856 240.26474 269.2601 271.98392 गई
120.33452 182.86394 182.92247 120.39305 12.490932 12.355244 39.32931 39.465 युवक
478.44598 585.247 604.60004 497.799 195.94601 143.20697 182.39859 235.13763 काम
475.55096 548.70526 565.44135 492.28705 287.1597 253.49478 289.86258 323.5275 पर
