446.9545 480.41098 474.5892 441.13272 78.15318 97.18498 107.419235 88.387436 दास
205.7114 336.88474 336.77988 205.60654 20.867188 21.05529 94.17717 93.98907 भारत
42.788437 167.07361 162.05345 37.768276 23.496582 45.458523 73.868195 51.906254 सरल
45.97078 155.16943 149.02278 39.82412 72.23227 88.60385 129.60211 113.23053 आके
378.70435 413.29742 412.31683 377.72375 146.05365 147.52887 170.52252 169.0473 यह
439.28033 480.59363 514.77905 473.46576 181.68098 140.26625 174.36794 215.78267 तरह
475.54254 526.7836 526.47186 475.23077 15.126408 15.622402 47.826614 47.33062 यही
431.21857 455.23975 448.6112 424.59003 48.229324 61.732967 73.524254 60.02061 गए
383.6202 428.58005 428.42355 383.4637 9.454475 9.757847 32.954422 32.65105 लेख
334.46265 374.2107 372.9226 333.17456 128.75862 130.52632 159.48943 157.72173 वह
325.7561 373.10156 371.98962 324.64417 176.09402 177.93182 206.57764 204.73984 उस
426.9705 454.9905 476.75302 448.733 216.49765 188.40369 210.10895 238.20291 यह
