466.85568 503.63425 503.54166 466.7631 5.5708714 5.751482 24.600079 24.419468 पर
467.76483 516.34717 516.03424 467.45193 40.656334 41.29946 64.93576 64.29263 एक
15.075134 173.13521 164.34778 6.2877045 44.020218 68.17442 125.67752 101.523315 उस
189.66147 282.43643 284.70255 191.92758 227.49667 223.89743 282.30975 285.909 गया
317.4937 409.52112 407.11505 315.08765 155.61179 159.40369 217.79837 214.00647 कहते
13.410294 121.48123 116.03647 7.965534 126.783936 140.05167 184.40143 171.1337 और
151.63228 188.61159 189.8715 152.8922 242.49976 241.04681 273.1137 274.56665 फॉर
429.56085 475.75 467.06165 420.8725 62.721115 88.9142 104.23537 78.04228 रहता
413.52594 461.4765 510.3119 462.36133 174.84671 136.78629 198.3117 236.37213 ओर
346.9793 419.62268 418.04242 345.39905 121.917145 125.21167 160.05612 156.7616 टिकट
382.74094 426.69687 426.553 382.59708 4.855667 5.1179123 29.231071 28.968826 चले
71.42034 123.25173 122.363075 70.531685 343.17142 345.22275 367.67648 365.62515 और
