286.09872 340.4365 340.37894 286.04117 17.24044 17.31717 58.095543 58.018814 वह
426.9511 477.17102 503.02502 452.8051 191.6221 141.2048 166.95758 217.37488 तक
246.45245 278.75818 278.73688 246.43115 219.63374 219.6533 254.7907 254.77113 और
243.46475 278.89835 280.06802 244.63443 263.6416 262.28088 292.73907 294.0998 फिर
440.00085 533.6615 533.3079 439.64725 5.309208 6.1608734 45.04635 44.194683 गया
429.22925 472.44226 463.29565 420.08264 60.322586 84.79738 100.94675 76.471954 कर
214.08978 259.1366 259.0965 214.04968 10.989361 11.051342 40.185734 40.123753 वह
214.54468 265.28204 265.23303 214.49565 70.26194 70.34942 98.79168 98.7042 उस
408.57935 434.0291 458.0146 432.56482 218.0018 197.14969 226.4237 247.27582 हुए
340.9311 361.094 360.58063 340.41772 147.34659 148.1995 160.33575 159.48285 यह
368.86462 388.38794 387.66302 368.1397 143.70757 144.54463 161.45253 160.61546 शेर
337.09238 361.03256 360.34 336.3998 164.72852 165.69135 182.91092 181.94809 दर्ज
176.3285 212.2166 213.50572 177.61763 228.20709 226.77911 259.17755 260.60553 वह
