325.00446 368.7312 367.76312 324.03638 126.66002 128.61336 150.28505 148.33171 विनत
377.30276 420.5223 419.39316 376.1736 126.61713 128.56009 153.67734 151.73438 होकर
213.74924 279.22778 279.9689 214.49036 216.18741 215.47037 283.14993 283.86697 और
482.56134 529.7173 529.2271 482.07117 22.61755 23.212292 62.07578 61.481037 रही
408.9658 466.01266 510.17642 453.12955 194.47472 137.29814 181.36174 238.53831 एक
224.89638 296.56952 297.4178 225.74464 22.768875 21.937775 95.09182 95.92292 रहे
319.79037 398.90207 396.2877 317.176 155.7064 158.96614 222.415 219.15526 यही
381.28128 429.57925 429.27542 380.97745 10.248428 10.687607 44.100372 43.661194 पूछ
25.884201 162.16678 155.10841 18.825834 116.55275 133.16609 191.0673 174.45396 इस
311.98798 349.22516 349.19238 311.9552 13.544636 13.601116 35.20261 35.14613 सकी
