319.5637 400.45413 398.21713 317.3267 158.14148 161.45108 216.12604 212.81644 कम
206.51486 242.30295 242.26822 206.48013 26.121975 26.174397 49.87843 49.826008 लिए
206.68436 250.72528 250.68692 206.646 60.96261 61.04165 82.414024 82.334984 इतना
260.63516 289.39407 289.35757 260.59866 61.052658 61.104095 81.50432 81.45288 सह
15.05394 202.89793 193.62282 5.7788177 61.334167 87.98598 153.3577 126.70589 खेल
411.40295 461.2708 504.23297 454.3651 192.0733 142.08301 184.93991 234.9302 पर
440.12915 497.86584 497.6886 439.9519 13.21727 13.651993 37.188416 36.753693 बार
309.52374 353.76636 353.71863 309.476 27.59024 27.655388 60.05069 59.985542 कुछ
61.626312 202.20172 192.13849 51.56308 6.1265564 30.33236 88.77466 64.568855 उसी
462.2591 534.31836 534.0944 462.0352 42.26288 43.157616 61.187935 60.293198 लटका
344.2873 400.06073 399.2224 343.44897 244.32767 246.04532 273.26553 271.54788 स्वर
