215.63774 234.87166 235.08165 215.84773 5.6102815 5.4514027 30.87248 31.031359 भी
245.71384 287.03458 287.00064 245.6799 5.6507187 5.7062683 30.945133 30.889584 बेहतर
296.56873 346.66132 346.63184 296.53925 12.219402 12.294437 31.983257 31.908222 अवसर
215.99203 241.11713 241.08795 215.96286 48.50135 48.54145 66.81755 66.77745 कर
175.56168 236.98029 238.74036 177.32175 236.64998 234.25623 279.41614 281.80988 तक
424.3176 470.53415 512.5913 466.37473 174.1598 137.80836 191.27904 227.63048 यह
474.09277 520.7554 520.64166 473.9791 4.2010517 4.4447975 26.197588 25.953842 रहा
474.3235 528.60144 528.301 474.02307 25.835377 26.428677 53.91096 53.31766 और
290.63242 338.0972 338.0419 290.57712 35.113777 35.185776 71.64084 71.56884 खड़ी
291.99472 345.54385 345.4838 291.93466 73.506134 73.59941 108.09271 107.999435 रहती
254.86797 307.6506 309.2912 256.50858 246.6948 244.65894 287.19534 289.2312 पर
438.21732 469.36722 460.22946 429.07956 65.41317 83.05575 99.18946 81.54688 यह
179.58984 203.24548 204.07474 180.4191 288.69467 287.79904 309.70084 310.59647 वह
