421.33075 467.51373 501.599 455.41602 202.23865 155.95065 189.95862 236.24661 अभी
13.8257675 101.607445 98.70962 10.9279375 40.937904 56.045345 72.88317 57.77573 समय
13.795177 64.13084 61.43894 11.103277 68.64343 76.702484 93.515686 85.456635 पर
13.77256 77.38642 73.20312 9.589256 89.123566 98.4104 127.06561 117.77878 कई
13.742249 77.877815 74.52858 10.393011 116.573395 125.287506 149.93777 141.22366 दफे
96.7455 147.28528 144.84113 94.30134 135.54417 142.38902 160.43578 153.59093 वह
218.50168 270.4601 270.42194 218.4635 7.8383026 7.908821 36.029854 35.959335 तरह
286.38864 335.13138 335.0958 286.35306 7.9304466 7.996605 34.234783 34.168625 रखा
218.9945 273.65387 273.60016 218.94078 60.79033 60.881516 93.072296 92.98111 जाए
345.94196 397.9547 396.12628 344.11353 169.00568 171.0733 217.06909 215.00146 हुए
167.94083 200.76999 201.69437 168.8652 233.96683 233.07028 266.91922 267.81577 की
214.55946 259.6623 260.73926 215.63643 243.31644 241.54184 268.91367 270.68826 तरह
10.09301 97.50684 96.892235 9.478401 366.11362 368.66525 389.72037 387.16873 बात
271.3936 329.76633 329.7056 271.33286 38.87549 38.965317 78.43843 78.3486 बीस
432.21954 479.79352 470.14197 422.568 62.016174 88.96094 106.00185 79.05708 भगा
262.08258 289.2563 290.00916 262.83545 245.7511 244.6778 263.73865 264.81195 कहा
262.04767 295.35223 295.98425 262.6797 272.37796 271.09305 287.47562 288.76053 लानत
