54.696953 78.511086 85.15386 61.33973 43.67142 39.65471 79.03812 83.054825 घर
64.17737 109.33499 117.749695 72.59207 96.259964 89.13483 142.46547 149.5906 चलिए
495.58917 555.64886 555.49725 495.43756 6.8547974 7.1659164 36.43824 36.12712 जान
141.53484 243.43092 243.58635 141.69026 4.0973754 3.7754784 52.97105 53.292946 साथ
354.6303 430.50836 446.87085 370.9928 403.42297 371.6756 410.78284 442.5302 घर
433.27222 536.30426 553.78894 450.7569 370.47083 325.55927 365.67096 410.58252 कब
6.8064213 65.01126 85.2421 27.037264 122.938675 112.38667 223.97997 234.53197 पर
247.14217 302.51648 302.54712 247.1728 7.8358874 7.7559814 28.98772 29.067627 आज
511.7482 562.7062 573.0106 522.0526 354.81573 332.9524 356.96948 378.83282 एक
509.88574 561.724 571.9894 520.1511 403.14215 381.81183 406.75952 428.08984 क्षण
121.67113 150.42082 156.80501 128.05531 138.85278 134.79895 180.07568 184.12952 यह
163.20087 197.30154 204.67221 170.57153 122.66882 118.68402 181.75998 185.74478 दिन
88.26138 158.85995 153.48575 82.887184 295.60922 318.1788 334.98947 312.4199 वह
437.83075 472.8379 471.16974 436.1626 141.90973 142.89462 202.18936 201.20447 की
469.57663 540.4553 553.5486 482.66983 154.35248 118.129364 143.7492 179.97232 तरफ
