312.93622 345.7968 344.75348 311.89288 142.03664 143.44267 167.8268 166.42076 फिर
411.85208 468.0988 517.0863 460.83957 188.99335 132.64954 181.55261 237.89642 कोई
19.560455 94.42099 93.18924 18.328701 322.3092 325.74036 352.61462 349.18347 यह
19.475563 107.506454 106.873344 18.84245 372.20572 374.37436 400.0742 397.90555 उत्तर
172.84326 283.24814 285.33826 174.93338 229.38069 225.08273 278.77277 283.0707 गलत
428.23383 463.95648 455.79663 420.07397 59.758743 79.99123 94.39833 74.16585 इस
456.8218 490.32828 490.15402 456.64755 15.252926 15.511761 38.07192 37.813084 मेन
13.526871 206.63806 192.48093 -0.63025665 18.153992 46.480904 142.99335 114.666435 वह
381.87027 427.7712 427.6694 381.76846 3.962408 4.1914043 24.598585 24.369589 कर
7.24942 88.68358 82.989334 1.5551775 119.25334 129.44829 174.93214 164.7372 देर
14.079208 109.366066 106.299644 11.012784 184.61372 194.55525 223.94612 214.0046 अब
