223.94992 345.29584 345.20596 223.86003 6.9184875 7.1209183 61.000893 60.798462 आज
329.89563 383.1305 381.16492 327.93005 122.57446 124.97974 168.48334 166.07806 हर
318.3371 403.4231 402.0633 316.9773 189.47266 192.6377 229.19351 226.02847 साल
408.44012 465.43573 514.50793 457.51233 189.89398 132.78961 181.76834 238.87271 ऐसा
26.52964 98.32166 93.11572 21.323702 8.564056 21.619595 50.24689 37.191353 एक
26.418297 94.09881 89.7949 22.11439 56.59262 67.54782 94.13713 83.18193 रहा
28.012268 137.59949 133.98732 24.400105 104.44191 119.96178 145.46764 129.94777 अन्दर
26.217148 153.96663 149.93617 22.18669 143.37369 158.84741 192.1224 176.64868 दरबारी
11.672165 111.565094 109.94556 10.052626 314.10748 318.64423 354.30402 349.76727 बन
297.96057 347.745 347.67957 297.89514 67.68953 67.774536 106.10292 106.017914 चले
