249.14142 342.0738 341.98474 249.05238 7.8798904 8.00602 73.5932 73.46707 दान
46.070877 184.46779 179.43193 41.035023 66.63386 88.269005 120.48269 98.84754 परंपरा
448.17303 513.8541 513.5276 447.8465 14.934563 15.58316 48.646294 47.997696 ठीक
322.94772 361.85373 361.01816 322.11215 191.64072 193.07877 215.68527 214.24722 दस
441.62714 481.1936 511.33765 471.77118 199.2035 159.57588 189.67339 229.30101 पर
171.33057 235.31824 237.31006 173.32239 231.96811 229.47714 280.6425 283.13345 रोशन
16.126198 105.7459 104.39446 14.774758 301.39993 306.42307 330.5347 325.51157 रहता
16.083351 85.33266 84.0956 14.846289 332.91504 335.62115 367.2774 364.5713 दिन
382.74158 446.46454 446.32007 382.5971 4.7552605 5.135437 29.349003 28.968826 मान
422.55298 442.81622 460.36035 440.0971 178.563 158.16673 175.59645 195.99272 कुछ
237.92842 292.11414 293.72687 239.54115 241.3709 239.26636 280.7895 282.89404 पर
205.07515 243.62642 243.57964 205.02837 51.161545 51.22368 80.24872 80.186584 इस
304.5514 348.3058 346.93512 303.18073 138.28491 140.17462 171.91083 170.02112 एक
366.31836 412.86047 411.7636 365.2215 140.95258 142.96274 168.35846 166.3483 बात
