457.62018 524.7785 524.39716 457.23883 11.153774 11.830086 49.700745 49.024433 वह
271.51688 326.0836 326.01273 271.446 16.28601 16.362762 66.76846 66.69171 रही
430.93945 472.47076 489.91156 448.38025 180.66028 138.88937 156.2301 198.001 चन्दर
456.4061 486.7274 501.06613 470.74484 212.2468 181.86978 196.18222 226.55923 गया
220.00162 277.59506 279.09644 221.50299 215.38806 213.08319 250.59964 252.90451 कलाई
208.01791 264.8855 264.83176 207.96416 13.02766 13.106579 51.832523 51.753605 कुछ
208.2734 270.662 270.60242 208.21382 60.001534 60.117104 92.27752 92.16195 कहा
327.93347 410.47302 409.4088 326.86926 132.3091 135.94228 160.11943 156.48625 रखकर
326.01077 360.02823 353.12283 319.10538 158.58292 164.42957 204.60727 198.76062 बैठ
166.28238 220.42667 222.4414 168.29712 224.91116 222.78879 274.18686 276.30923 बाद
428.2338 481.243 473.5222 420.51297 59.758736 89.78188 103.41384 73.39069 आज
240.03058 299.18402 300.32 241.16656 259.24417 256.9598 286.37576 288.66013 उसका
