207.72017 259.25085 261.0741 209.54341 229.30055 227.28293 273.84912 275.86673 इस
341.6549 379.9552 378.7713 340.471 126.92569 128.6388 155.10745 153.39435 इस
333.10336 382.0248 380.95438 332.03293 173.17163 175.08923 202.39844 200.48083 दास
172.09392 187.95265 188.54317 172.68443 223.79614 223.1514 237.67639 238.32114 घर
172.48187 203.8805 204.73224 173.33362 242.15553 240.9096 262.37408 263.62003 चलिए
349.19772 392.70657 383.79294 340.2841 209.79556 216.66724 273.1053 266.2336 गई
461.43744 515.5797 515.1639 461.02164 25.320484 25.982151 60.00736 59.34569 और
380.6795 415.2707 414.14252 379.55133 127.00656 128.56064 153.67169 152.11761 पर
407.22745 476.95547 476.78867 407.06064 4.7192154 5.1624527 31.405739 30.962502 उत्पन्न
409.04752 460.68497 497.82773 446.19028 189.41618 137.58534 174.58955 226.4204 दिल
