351.5573 391.33118 390.4804 350.70654 205.19128 206.6023 230.58395 229.17294 कर
412.27185 464.93317 510.36462 457.7033 188.62564 135.84464 181.1731 233.9541 कुछ
228.55112 281.71997 282.79648 229.62761 217.51218 215.36728 242.05222 244.19711 जमा
253.57294 339.05493 339.00696 253.52495 22.622742 22.746178 55.969643 55.846207 अधिकार
251.84146 324.36578 324.30722 251.7829 60.459526 60.58036 95.7353 95.61446 उपयोग
317.0038 357.1069 356.22653 316.12344 144.87778 146.58105 167.3089 165.60562 गया
373.10828 413.75482 412.27112 371.62457 135.25414 137.03865 170.8329 169.04839 और
430.89005 479.31644 470.14194 421.71555 62.368744 89.813385 106.00186 78.55722 हाथ
222.07559 298.57156 299.8608 223.36484 249.19905 246.22455 279.37982 282.3543 कारण
207.29964 247.78496 247.73967 207.25435 16.755692 16.812775 48.934303 48.87722 और
205.00282 239.77794 239.73738 204.96227 70.63375 70.69378 94.193855 94.13383 दम
170.18301 221.38327 222.60242 171.40216 240.52975 238.51346 269.47098 271.48727 समय
