2.357895 75.28237 75.439644 2.5151672 28.70206 28.498672 84.88843 85.09181 असर
23.763403 63.37394 73.63062 34.02009 133.8205 126.55728 182.49298 189.7562 कर
78.99718 119.223495 128.0854 87.859085 133.5467 127.276474 184.12962 190.39986 रहा
127.231094 176.66219 176.73924 127.30815 7.82605 7.7122536 41.190224 41.30402 और
-0.3252716 34.812138 42.44475 7.3073425 390.14648 381.66028 413.2633 421.7495 हुआ
435.6314 560.493 582.9707 458.10913 177.72334 114.19774 158.37837 221.90398 प्रोफेशनल
63.61692 96.9891 104.912346 71.54017 232.90866 227.0524 272.20328 278.05954 आती
488.03656 583.49615 603.7756 508.31598 392.68613 352.71494 401.1465 441.1177 गैस
14.788762 31.069157 36.439407 20.159012 191.43394 188.08772 214.21559 217.56181 यह
22.756527 39.594017 44.20766 27.37017 228.63467 225.1818 247.67966 251.13254 बार
192.0353 236.01826 236.10655 192.12358 18.964043 18.836685 49.323547 49.450905 लेन
