202.59412 290.38074 290.29257 202.50595 5.9631577 6.0813828 71.55821 71.43999 एक
36.06006 174.01736 168.2861 30.328802 28.922997 52.592583 85.99706 62.327477 रतन
35.843445 181.40657 176.79405 31.230928 95.83269 116.62537 148.91626 128.12358 गया
289.55212 347.2085 347.135 289.47864 50.340317 50.432938 96.17369 96.08107 मुझ
450.36615 534.5902 534.2394 450.0153 9.156582 9.955368 46.952793 46.154007 जब
182.4657 223.71991 224.74121 183.487 222.34286 221.4331 267.7443 268.65405 देन
339.07846 396.54276 395.3489 337.8846 122.75084 125.34883 151.75526 149.15727 अमन
92.70262 129.49467 129.01015 92.218094 358.34674 359.72327 372.67395 371.29742 राम
92.510315 133.22174 132.86328 92.151855 379.8126 380.94363 393.84622 392.71518 नाम
416.84372 475.13333 500.78427 442.49466 211.74506 153.26944 178.8388 237.31442 स्वरुप
495.18677 536.5258 536.16504 494.826 68.06853 68.816284 88.76019 88.012436 अश्व
234.57755 286.23795 288.00198 236.34158 248.7032 246.71982 292.66656 294.64993 खर्च
8.599152 107.48135 105.89398 7.0117764 302.26096 307.49637 337.4774 332.24197 इंजन
