29.382263 151.45956 145.04562 22.968328 77.710464 95.4149 139.64093 121.93649 बहुत
29.27806 154.40038 148.66438 23.542072 117.65364 133.57817 178.64705 162.72252 करते
185.19101 232.0379 233.11206 186.26517 234.23953 233.24747 283.97116 284.96323 वैध
322.14032 393.0995 391.46564 320.50647 180.41147 183.12839 225.80127 223.08435 फिर
232.36661 313.015 312.94308 232.29466 8.785004 8.915909 53.25242 53.121513 पतली
236.02222 300.38397 302.3025 237.94073 240.20755 237.72507 287.46487 289.94736 पहर
361.187 413.7691 412.15955 359.57745 129.70834 132.04834 168.21722 165.87723 बहुत
479.65973 535.32556 534.97815 479.31232 17.912014 18.494358 51.705738 51.123394 पर
314.80115 344.40356 344.37158 314.76917 9.4546585 9.495098 32.924805 32.884365 बढ़
316.38318 352.41473 352.383 316.35144 44.842873 44.899574 65.069275 65.01257 गया
320.59528 353.98096 353.94397 320.5583 81.16869 81.22834 101.936485 101.87684 अब
421.30283 460.68497 504.43668 465.05453 168.52592 137.58534 193.27394 224.21452 देर
33.893707 163.93033 155.12686 25.090233 22.013618 43.54341 96.71508 75.18529 यह
297.45026 364.38715 362.71875 295.78186 129.27968 132.23943 169.97148 167.01173 प्रकार
204.33493 252.34714 252.30139 204.28918 59.802322 59.88925 85.16142 85.07449 हायर
