524.97974 591.63025 606.92236 540.27185 349.13876 320.54257 356.18472 384.7809 संग
3.2495728 28.935963 35.468845 9.782455 387.67197 383.09604 419.76767 424.3436 कई
127.05763 213.41386 213.53484 127.178604 5.959533 5.715172 48.46921 48.713573 कम
30.7245 58.727516 62.93567 34.932655 389.1434 382.3599 399.7316 406.5151 तक
211.84973 309.20404 309.25867 211.90436 6.905463 6.7199173 35.393127 35.578674 बराबर
16.375797 98.68828 119.49184 37.179356 42.076374 29.043686 160.43578 173.46846 अपने
434.43182 584.8302 619.20795 468.8096 160.44493 82.903946 149.58302 227.12401 उसने
508.0749 549.8108 549.63324 507.89734 8.569153 8.809681 39.614124 39.373596 पर
129.89732 144.25005 147.59169 133.23897 107.883484 105.84506 129.37378 131.4122 पर
153.23228 185.5645 185.67381 153.3416 107.79428 107.63803 130.25586 130.41211 पत्थर
135.88835 151.77763 156.01228 140.123 148.0431 145.8011 175.8126 178.05461 पड़
