25.43289 66.386536 66.91484 25.961195 333.37344 331.8488 346.03928 347.56393 दिन
15.838463 30.348576 35.555126 21.045013 247.77328 244.69699 269.25522 272.3315 वह
35.19794 71.321014 71.640366 35.517284 237.0371 236.64496 266.06323 266.45535 अपनी
510.2036 539.212 527.62695 498.6186 0.21429062 8.807957 47.913776 39.32011 पर
468.77032 556.06024 569.732 482.44208 327.75677 288.81464 319.46014 358.40228 उसके
470.13074 534.06055 542.9631 479.03326 378.683 351.39835 372.2576 399.54227 गाल
536.8886 584.3671 593.43146 545.95294 350.19135 329.92798 351.16638 371.42975 पर
88.26138 156.82932 151.17749 82.60956 295.60922 317.52963 335.20877 313.28836 इस
130.4969 155.45003 160.56285 135.60973 113.75081 110.33583 147.69511 151.11009 पर
387.91953 497.84744 522.2693 412.3414 177.0363 120.04628 167.15358 224.1436 उधर
534.57135 575.3427 565.1121 524.34076 52.37175 56.04982 169.45598 165.77791 से
126.781845 145.49611 148.90294 130.18867 229.61505 226.80246 249.47064 252.28323 चरा
132.27785 156.2296 161.02449 137.07274 263.91455 260.38672 292.94122 296.46906 करते
450.3683 590.7394 620.1167 479.7456 206.63612 137.15152 196.49901 265.9836 अपने
