5.3846283 50.11892 53.236595 8.502304 49.21669 41.873016 60.86447 68.208145 अपना
17.075142 40.43089 52.615005 29.259258 83.3489 74.97405 108.95307 117.32792 देश
176.93752 247.03584 247.06511 176.96678 10.82348 10.772446 50.963673 51.014706 चौक
441.79785 515.14703 515.3621 442.01294 11.957654 11.507633 46.563557 47.013577 भार
56.13304 91.202896 110.53473 75.464874 31.432613 19.212013 74.689224 86.90983 बंद
248.9843 302.08356 302.09973 249.00047 16.81039 16.771511 38.88354 38.92242 साल
516.6572 558.8241 558.9783 516.8114 30.11086 29.839958 53.84278 54.113686 और
515.5121 581.64575 581.8163 515.6826 55.722324 55.271133 80.25876 80.709946 दोपहर
36.183918 60.66483 63.442287 38.961376 68.572784 64.54428 81.42267 85.45117 अब
431.768 502.10077 502.3167 431.98395 51.087326 50.613174 82.64024 83.114395 उनकी
