429.08908 474.371 474.54105 429.25912 21.85659 21.571873 48.616554 48.90127 यह
429.00595 490.3702 490.6213 429.25705 53.70929 53.29312 90.32147 90.73764 जीट
242.97493 294.09064 294.1126 242.9969 12.788955 12.751671 42.90457 42.941856 वह
23.708897 52.171505 54.794933 26.332325 49.505486 44.832893 60.813248 65.48584 गया
53.579346 69.968704 77.14375 60.75439 44.610466 38.83342 59.188873 64.96592 वह
32.891773 57.763493 60.375347 35.503628 75.03708 70.94212 86.80585 90.9008 गश
59.1761 99.71231 102.48604 61.94983 70.71714 64.0424 80.88741 87.56216 खाकर
528.4823 585.64526 585.82324 528.6603 25.633493 25.27016 53.269936 53.633266 एक
529.46564 593.6209 593.8437 529.6884 79.81132 79.349525 110.30709 110.76888 क्षण
157.89949 230.01369 230.04478 157.93059 7.8160515 7.7616463 48.97092 49.025326 कर
115.818375 156.93953 156.9529 115.83174 5.831821 5.801512 23.919365 23.949675 तक
2.3643475 40.250565 44.651802 6.7655888 90.45528 84.203125 110.87335 117.1255 अपने
