30.987486 51.67131 60.893257 40.209435 69.221855 61.852516 87.73614 95.10548 डर
66.646736 98.416664 102.17185 70.401924 63.36498 58.13369 80.93915 86.17043 कर
134.8896 173.00539 173.0248 134.90901 5.213498 5.1852074 31.345829 31.374119 आ
200.2043 280.3369 280.35657 200.22395 5.166206 5.108185 32.27084 32.32886 आकर
436.73334 549.1468 549.41235 436.9989 13.992955 13.299763 56.365612 57.058804 तरह
7.0 34.0 34.0 7.0 4.0 4.0 21.0 21.0 मर
4.0017014 20.88166 28.274506 11.3945465 62.79855 56.71424 77.22452 83.30883 कर
14.224702 31.5792 41.011616 23.657116 90.94646 84.69263 110.86778 117.12161 दीप
536.693 588.9874 589.30566 537.0112 72.36644 71.99603 116.929825 117.30023 कई
28.544544 46.020718 54.047916 36.571743 45.216984 38.996727 61.549618 67.769875 यह
55.895958 98.858696 102.137535 59.174797 40.73647 33.682995 53.654415 60.70789 कहकर
