2.4858093 84.469864 94.29813 12.314072 53.60031 40.075317 99.651 113.175995 कहती
428.8656 465.63 465.6618 428.8974 136.41713 136.33559 150.66762 150.74916 डाल
452.76578 544.15295 544.4226 453.03543 10.888463 10.329189 54.38827 54.947544 मस
177.96945 236.01196 236.02972 177.98721 23.903877 23.861095 47.96344 48.00622 उनकी
5.0 33.0 33.0 5.0 8.0 8.0 25.0 25.0 पर
74.56823 95.92921 106.00474 84.64376 30.681826 23.248425 52.20195 59.63535 और
85.28224 112.64662 115.58273 88.21835 64.998825 60.493156 78.32509 82.83076 कल
531.0289 589.0943 589.2192 531.15375 63.612583 63.20923 81.19403 81.59738 सलाम
530.91113 575.0769 575.27515 531.1094 89.79007 89.4653 116.422516 116.747284 करने
129.84825 203.97716 203.99202 129.86311 6.8290873 6.7742977 26.900856 26.955645 लगभग
