509.91577 568.1201 568.3085 510.10413 20.547754 20.182503 50.19397 50.55922 यह
142.68541 196.76167 196.78206 142.7058 17.694254 17.653614 44.782776 44.823414 अब
222.1461 300.28888 300.31586 222.17308 7.5679708 7.511261 44.706974 44.763683 अपने
17.152136 55.894188 77.810776 39.068726 58.38482 44.639153 106.41088 120.15655 गई
407.4702 508.1352 508.58545 407.92047 19.18583 18.557259 90.6663 91.29487 और
4.0 31.0 31.0 4.0 10.0 10.0 25.0 25.0 उठ
55.707916 98.85635 98.865204 55.716766 5.875371 5.84375 17.926598 17.958218 उसका
62.90715 103.99541 107.75981 66.671555 48.82969 42.07502 64.9737 71.72837 स्वरूप
428.16293 464.07718 464.12643 428.2122 132.04471 131.95547 151.77066 151.8599 एक
528.7355 591.0161 591.32263 529.042 55.43217 55.00747 99.96529 100.38999 इन
3.1720533 25.416084 36.240376 13.996345 89.303955 81.27234 111.25084 119.282455 बंद
