178.51643 239.58366 239.6989 178.63167 9.689228 9.512402 49.313152 49.48998 कोई
35.064396 60.27789 66.76077 41.547276 220.51894 215.6429 249.16515 254.04118 बदले
522.95905 573.8118 573.6762 522.8234 6.9148674 7.163437 34.919086 34.670517 आप
125.82385 183.38544 183.46628 125.90469 32.029484 31.836273 55.922924 56.116135 चल
446.1606 516.8273 532.7278 462.06107 358.96725 328.00632 364.2983 395.25925 कोई
535.58124 573.2824 567.98114 530.27997 300.2167 303.27176 368.69223 365.63718 नई
450.76837 555.1632 564.4318 460.03696 418.14258 374.81866 397.15265 440.47656 लखनऊ
2.2423544 27.216751 34.46318 9.488785 393.42166 388.95627 429.4847 433.9501 रहे
88.26137 141.6022 136.83195 83.49111 295.60925 312.66174 327.58325 310.53076 और
254.63722 288.44275 288.47607 254.67055 11.533524 11.478035 31.762497 31.817986 बता
439.12305 577.3115 605.4718 467.28333 114.01558 40.46115 93.36659 166.92102 रहा
20.485329 106.999115 125.49337 38.979588 79.877205 66.2794 183.94598 197.54378 अपनी
