166.16144 221.255 221.28705 166.19348 5.5938573 5.5539513 49.77983 49.819736 ऐसे
245.85318 300.03152 300.06644 245.88809 5.53613 5.496887 53.731533 53.770775 कई
7.0435104 87.0555 96.21697 16.204987 61.068733 47.863335 103.37307 116.57847 तक
443.3334 487.6049 487.78207 443.5106 23.770582 23.49084 51.52928 51.809025 और
441.09686 525.38605 525.58685 441.29767 62.635956 62.052536 91.065796 91.649216 झांककर
69.85336 93.69238 96.97406 73.13504 30.22131 26.310963 46.31731 50.227657 यह
505.86893 596.05334 596.2726 506.08817 31.581017 30.999657 65.0041 65.58546 उपद्रव
134.90889 153.97298 153.98186 134.91777 9.444237 9.430218 21.507868 21.521887 वह
136.0722 164.1308 164.14206 136.08347 23.130249 23.109291 38.182617 38.203575 अपने
81.65894 109.60621 112.54174 84.594475 67.225914 62.623466 80.448814 85.05126 कर
523.8581 591.972 592.15753 524.04364 76.454445 75.96775 101.93813 102.42483 तनाव
