436.23007 492.4868 492.6257 436.369 22.81359 22.458988 44.49375 44.848354 जाए
514.3736 567.6081 567.8162 514.5817 10.311244 9.985622 44.002995 44.328617 और
437.2436 521.5632 521.7843 437.46472 61.661713 61.079376 93.095535 93.67787 आपके
171.93289 250.03848 250.06485 171.95926 11.833995 11.777081 47.95286 48.009777 प्रतीक
13.204395 79.45238 87.63147 21.383488 61.083725 50.15593 99.740326 110.66812 बात
528.09735 569.05707 569.0063 528.0466 56.10582 56.15622 97.45203 97.40163 रहे
67.02338 104.31856 109.399 72.10382 37.885517 31.75576 62.6666 68.79636 आये
12.0 31.0 31.0 12.0 11.0 11.0 21.0 21.0 वह
257.81256 300.93036 300.9442 257.82642 4.9230013 4.8917866 24.014912 24.046125 हाथ
257.76538 290.8181 290.83154 257.7788 32.287613 32.26306 50.329384 50.353935 सर
