211.99178 262.02338 262.0442 212.01256 26.89494 26.85796 54.963207 55.000187 अभी
429.8766 545.30084 545.5508 430.12653 8.823496 8.121071 49.194366 49.896793 मोहताज
433.2482 490.52292 490.70578 433.43106 69.69655 69.293884 95.30548 95.708145 अब
14.246056 67.75649 72.17104 18.660606 68.084145 59.272865 86.08218 94.893456 सफर
73.35154 109.828835 114.23876 77.76147 58.380413 52.37387 79.155075 85.16162 कर
494.92017 530.09375 530.24475 495.07117 58.6632 58.421707 80.41715 80.658646 पर
62.0564 87.13307 89.92316 64.84648 32.52386 28.411427 45.4247 49.537136 रात
429.55392 465.4514 465.47934 429.58188 135.3175 135.24747 149.56934 149.63937 आज
528.7471 590.9944 591.28064 529.0333 66.42683 65.99171 106.94436 107.37948 मरते
41.22576 69.9837 73.073456 44.315514 96.25306 91.50524 110.22016 114.96798 सका
