234.96097 309.82727 305.38962 230.52333 284.4855 289.7676 352.665 347.3829 उन
74.59726 120.608536 116.16174 70.15047 420.12296 428.63998 452.66287 444.14584 पर
32.800888 59.35714 71.7018 45.145546 415.801 397.30307 415.02548 433.5234 पर
376.48334 403.0807 399.2041 372.60675 54.12993 57.527527 87.874695 84.4771 तक
211.26822 269.35245 266.21097 208.12674 150.15907 154.55101 196.09746 191.70552 कर
209.37082 274.79224 271.89072 206.46928 230.00821 234.78714 274.50793 269.729 सक
300.29947 381.13907 377.00626 296.16666 221.10751 227.02676 283.46933 277.55008 इनसे
77.68268 140.88232 138.58188 75.38224 207.34232 212.00357 243.19394 238.53268 साथ
78.47444 166.45369 163.57695 75.5977 263.4456 269.7474 309.90958 303.60776 संगठन
28.456718 67.10421 84.210175 45.562683 363.61453 328.7941 347.78012 382.60056 तरह
