419.3078 473.674 471.80225 417.43604 346.8977 348.0594 435.6577 434.49603 की
483.57538 591.4655 608.0693 500.17914 363.07922 316.63538 355.20642 401.65027 तरह
20.415691 83.460175 83.70184 20.657368 91.74039 91.414734 138.20197 138.52762 अनेक
29.675571 100.36107 100.69211 30.00661 145.47594 144.94926 189.37874 189.90541 कौशल
117.71183 239.97815 240.1464 117.88007 4.089084 3.686737 54.81592 55.21827 गान
29.304792 66.7849 66.96661 29.48651 197.5641 197.23738 218.08263 218.40935 कलम
37.607964 79.81796 80.0489 37.838898 237.59201 237.14682 259.04324 259.48843 तलवार
0.39188385 34.384888 40.291508 6.298504 395.42416 387.20816 411.64627 419.86227 गया
509.4665 566.3185 566.18304 509.33102 6.886566 7.164459 34.88246 34.60457 जहाज
78.88169 117.22793 126.12484 87.7786 225.98352 219.68124 273.81454 280.11682 चले
