379.83704 407.95837 402.75348 374.63214 51.395935 55.02841 95.32257 91.690094 सभी
205.87292 259.8937 256.86877 202.84799 156.00787 160.08408 200.17249 196.09628 सब
204.40137 257.3099 254.47736 201.56882 222.06253 225.9425 264.56833 260.68835 एक
280.32843 346.76587 343.8451 277.40765 226.42093 231.29297 271.12186 266.24982 साथ
203.35019 268.4756 264.652 199.5266 269.24643 273.889 327.52585 322.88327 उठते
409.2433 425.48987 421.46252 405.21594 60.09311 62.428726 90.44318 88.10756 पर
73.372635 208.07428 200.0529 65.35125 197.4996 207.11728 319.4617 309.84402 और
73.129 112.364456 108.92708 69.69162 426.7474 433.9609 452.65744 445.44394 उस
355.65817 385.94022 384.52243 354.2404 249.6825 251.92542 271.06744 268.82452 भीतर
352.5 374.77148 373.13672 350.86523 281.1564 282.7723 305.30423 303.68832 घुस
351.1929 375.2596 373.82584 349.75912 300.9598 302.70145 322.5139 320.77225 सके
