91.66463 127.47009 137.5815 101.77603 72.94201 67.661865 136.22888 141.50903 लगे
124.09029 158.54604 158.59999 124.14424 31.289248 31.189022 49.73262 49.832844 पर
174.48103 206.94148 207.00328 174.54283 31.209208 31.110512 51.431496 51.53019 रह
222.01892 254.8226 254.90945 222.10577 22.824837 22.725098 51.285835 51.385574 रहे
415.6893 589.57245 626.6443 452.76117 364.88126 288.20303 372.2709 448.94913 लग
8.970266 48.818863 58.69938 18.850782 24.439415 17.234962 71.88509 79.08955 भरा
28.05342 72.91763 85.2298 40.365585 125.00102 117.02318 186.26189 194.23973 हुआ
418.09583 538.2354 557.9448 437.80524 201.45131 141.00871 180.18437 240.62697 सजल
42.92524 105.111824 105.34696 43.160378 192.4324 191.8876 218.72656 219.27136 फटकार
50.96479 90.40244 99.34115 59.903496 232.64053 225.59042 275.59262 282.64273 बताई
6.7233047 37.3886 43.019547 12.354252 400.38217 392.98428 416.3253 423.72318 फिर
422.97275 532.9187 551.0488 441.10287 322.2947 272.15793 311.91586 362.05264 चला
