127.60268 170.37627 170.45744 127.68385 41.30334 41.14008 62.411167 62.57443 हुआ
2.5185604 35.4654 41.904716 8.957872 387.3772 381.50067 417.6029 423.47943 बह
498.60364 528.36945 528.2982 498.5324 8.370207 8.479067 27.953882 27.845022 कह
533.38104 579.3697 579.309 533.3204 8.32962 8.484287 26.51434 26.359673 सकता
119.24271 158.38196 158.40884 119.26959 10.625401 10.56892 29.195705 29.252186 एक
495.41815 594.43 611.1302 512.11835 289.98743 244.86359 281.50745 326.6313 चन्द्र
482.73907 587.9777 611.5505 506.31183 358.46912 312.97144 367.4964 412.99408 कोई
25.118195 46.633644 52.649826 31.134377 30.818138 26.888481 59.827927 63.757584 इस
54.642326 95.67303 95.72274 54.69204 21.353601 21.293404 55.174004 55.2342 विषय
171.65565 218.33897 218.3814 171.69807 4.107854 4.0343113 30.954926 31.028467 इस
417.20428 578.3556 615.90204 454.75073 137.12048 52.04901 123.17349 208.24496 इस
40.115437 74.42386 74.56094 40.25252 116.294235 116.11153 141.85136 142.03407 लाओ
86.25456 158.51923 153.99443 81.729774 294.96768 318.06992 332.2236 309.12137 अब
