145.1933 203.82333 193.70255 135.07251 77.476944 87.07243 148.91212 139.31664 के
227.06616 342.48358 334.6502 219.2328 107.13452 126.18686 173.6406 154.58826 ऊपर
367.13928 466.7055 457.18878 357.62256 130.10364 146.56146 204.13574 187.67792 एक
135.24821 239.25726 231.86003 127.85099 183.32019 200.58575 245.14722 227.88165 आध
116.28601 189.17099 178.30368 105.4187 257.4137 269.63525 334.44397 322.2224 इंच
448.79407 551.483 551.93207 449.24316 28.629374 27.70922 77.82607 78.74622 इनको
327.20444 352.39365 347.31693 322.12772 189.77637 194.69287 220.70303 215.78653 पुन
322.10928 375.74612 372.00998 318.37314 212.57843 221.50693 243.95126 235.02277 उपयोग
6.400898 44.879803 44.824383 6.345477 330.61316 330.72968 349.031 348.9145 कर
369.84875 424.09503 417.82214 363.57587 246.99078 256.07 293.54907 284.46985 रही
