129.93869 245.51202 233.11893 117.545586 100.50073 119.47986 194.94766 175.96854 एक
289.08975 438.83267 428.1555 278.41257 126.42168 151.22643 215.68315 190.8784 नजर
126.52319 244.60406 229.64886 111.56799 166.58563 186.14783 276.42 256.85782 और
286.47824 458.07095 441.0159 269.4232 195.59811 224.42337 325.94968 297.12442 इसके
13.360603 77.653656 77.52444 13.231383 301.8431 302.02927 346.65726 346.4711 ऐसा
13.194412 77.69864 77.56831 13.064088 359.2409 359.5255 389.06415 388.77954 कहा
156.66364 251.40039 239.01233 144.27557 301.22714 317.2374 390.54074 374.5305 दिए
284.23328 367.992 358.9325 275.17377 343.4422 357.6917 410.94366 396.69415 गए
81.18982 137.82164 137.63144 80.99962 412.8078 413.26697 436.72443 436.26526 साल
370.08057 434.6407 428.49542 363.9353 345.80103 356.7428 393.00208 382.0603 बात
440.7223 596.449 597.1146 441.38794 6.4690046 5.0973663 80.667854 82.03949 इसकी
