10.059067 79.40489 79.75284 10.407013 61.398205 60.854187 105.20685 105.75087 अपनी
293.19043 502.74786 476.8725 267.31506 156.69745 191.96255 345.72302 310.45792 आगे
475.20963 596.92737 597.51953 475.8018 20.49345 19.47699 90.383255 91.39971 बन
147.33607 249.4022 243.72188 141.65575 78.12567 94.83066 129.5371 112.83211 तफसील
138.40538 203.96593 199.99171 134.43117 142.4128 153.23677 177.30852 166.48454 अलग
228.39816 294.48108 290.48642 224.4035 157.23503 168.18074 192.29784 181.35213 अलग
318.90652 412.77396 407.1105 313.24307 161.87518 177.423 211.61502 196.0672 पहचानी
293.64044 342.00964 337.20715 288.83795 63.2259 71.13328 100.50988 92.6025 कर
365.928 431.7075 426.65536 360.8759 74.9827 85.738464 116.63608 105.88031 कहा
282.68237 326.67682 321.9334 277.93896 122.58919 129.83919 158.62312 151.37312 उस
