137.89583 169.01631 169.0606 137.94011 44.05729 43.950783 56.89254 56.999046 उठा
24.30048 64.61423 64.86096 24.547215 158.52235 158.21944 191.05772 191.36064 आप
71.01713 128.86108 129.20343 71.359474 146.72446 146.28723 191.57877 192.01599 अतीत
391.70325 581.4342 625.74756 436.01657 343.53735 257.5296 355.28375 441.2915 रात
185.30424 268.7362 268.83575 185.40382 4.1125994 3.9040184 43.72993 43.93851 उठ
55.454777 128.95404 129.64551 56.146244 223.27202 222.41965 282.04425 282.89664 झपटी
362.45978 486.44574 520.24347 396.2575 136.36253 69.47298 132.1202 199.00975 लोग
120.334526 174.02951 174.09998 120.40499 12.490931 12.363777 42.119965 42.247116 रमा
53.87809 98.523415 98.563774 53.91845 29.394411 29.32708 56.087685 56.155014 मुकदमा
61.70914 89.20184 89.26303 61.77033 70.06598 69.98276 90.19568 90.2789 चला
427.4494 579.20874 604.5865 452.82718 196.74544 120.39485 170.83733 247.18791 करना
