5.0289993 68.54575 68.48714 4.9703846 288.00964 288.09845 330.0263 329.9375 हम
4.9220085 59.71517 59.537952 4.744787 364.5453 364.80115 402.75024 402.4944 पर
137.10008 219.96692 209.3431 126.47625 169.49455 183.22499 247.34267 233.61223 और
123.85034 285.00122 275.67004 114.519165 251.3826 278.37912 334.08005 307.08353 अभिनय
506.19116 563.1034 563.39136 506.47913 10.777566 10.1573105 36.57578 37.196033 बात
500.94315 578.91113 579.2346 501.26663 56.933544 56.30374 96.34712 96.97693 उठाई
325.4227 462.1838 447.02835 310.26724 139.14438 161.89972 252.98483 230.22949 एक
301.11844 438.519 425.48636 288.0858 303.89474 327.21585 404.00003 380.67892 क्षण
461.78763 509.3217 509.1235 461.58945 383.7016 384.02698 412.98004 412.65466 ग्रह
458.96063 578.0576 577.8564 458.75937 422.0654 423.06845 446.9648 445.96176 मानवता
178.35272 326.55865 316.58148 168.37555 91.04555 115.52727 175.92644 151.44472 उत्तम
