5.622591 41.94203 42.145737 5.8262997 6.75764 6.329092 23.593414 24.021963 कहा
5.5818443 35.2531 35.44916 5.7779045 37.71378 37.410885 56.616833 56.919727 एक
45.62758 78.42136 78.65442 45.86064 30.825798 30.48597 52.976532 53.31636 दिन
88.67172 115.08765 115.26442 88.848495 36.794228 36.52185 53.66584 53.938217 वह
6.5691757 57.16889 57.33512 6.735403 68.313675 67.8716 86.897675 87.33975 आएगा
362.0041 446.69965 435.91437 351.2188 197.91003 212.04904 276.6551 262.51608 पर
140.54651 348.64838 337.43182 129.32994 122.865005 157.13228 225.24944 190.98216 स्वर्गवास
122.55592 203.20877 194.53947 113.886635 234.5357 248.0177 299.87958 286.39758 गए
239.72144 308.91882 301.08984 231.89247 254.04944 265.68835 312.23444 300.59552 पर
348.02805 491.10434 479.97147 336.89517 252.06784 276.1331 342.3221 318.25687 उनकी
