166.73328 281.63953 271.69507 156.78882 83.003204 101.89996 162.36957 143.47281 बकरी
154.0614 257.4924 247.5043 144.0733 151.41055 168.50134 228.94788 211.85709 उसमें
291.07236 410.92795 403.90237 284.04678 192.86311 212.82942 255.00304 235.03673 आकर
141.25275 215.7486 208.88992 134.39407 237.94385 250.3971 291.4259 278.97266 चरा
44.13566 79.98507 79.67626 43.82685 350.78708 351.0914 387.46823 387.1639 पैर
43.627655 109.45639 109.15463 43.325893 410.62723 411.18607 446.73245 446.1736 छूकर
285.62793 406.33337 393.3861 272.68066 245.6625 266.00443 342.8315 322.4896 इतनी
478.63858 598.06104 598.647 479.22452 9.503975 8.40345 71.98814 73.08866 सकी
152.88763 221.44916 213.59833 145.0368 326.02597 337.6177 384.05276 372.46103 पर
260.6812 428.7539 417.6129 249.54024 324.66135 353.24686 418.75198 390.16647 भारतीय
509.74738 597.8179 597.549 509.4785 409.96704 410.69305 443.3172 442.5912 पलक
