215.49084 396.21533 377.58783 196.86333 67.562225 97.50928 209.92279 179.97574 ठीक
181.29953 324.14658 310.42123 167.57419 268.89963 293.113 374.0858 349.8724 कह
375.3283 413.3363 413.57635 375.56836 4.7181315 4.2803116 25.11958 25.5574 तब
424.7321 467.9164 468.15707 424.97275 4.0950913 3.597643 24.490858 24.988306 तक
479.7312 528.6993 528.997 480.02893 3.3887804 2.8373928 29.280642 29.83203 इधर
380.06537 457.3302 449.2234 371.95856 264.3956 277.37222 325.64145 312.66483 और
41.51899 85.76247 85.62754 41.38406 397.50504 397.82193 416.66006 416.34317 जम
99.43373 147.79498 147.59848 99.23723 389.31818 389.66455 417.10394 416.75757 गयी
337.71494 392.77548 388.116 333.05545 226.99445 236.18079 264.1084 254.92206 एक
411.8242 459.64536 455.67838 407.8572 239.32175 247.29584 271.08618 263.1121 उच्च
330.14877 384.76346 380.3738 325.75912 265.51215 274.669 300.85046 291.6936 स्तर
324.02316 367.33615 361.60178 318.2888 295.3111 302.60968 336.64026 329.34167 की
383.9137 448.4577 444.32965 379.78564 316.60278 327.48083 351.97418 341.09613 परत
