215.86215 407.66916 384.42087 192.61386 45.15564 76.96442 217.15161 185.34283 वह
180.39929 373.1522 350.9696 158.2167 263.39142 296.25366 426.36517 393.50293 यह
407.3064 455.00812 449.2937 401.59198 136.18579 144.0458 178.72607 170.86606 पर
400.25134 450.86255 436.74054 386.12933 177.33145 187.82553 255.93365 245.43958 हुई
383.77933 472.28745 465.77585 377.26773 249.27945 264.0958 302.994 288.17764 जगह
372.44592 451.5827 443.77325 364.63647 302.82217 316.1777 362.45163 349.0961 मधुर
529.81726 567.3125 567.2289 529.73364 344.20602 344.37387 363.05746 362.88962 सब
525.46124 562.9566 562.8089 525.31354 386.40515 386.654 408.91602 408.66718 एक
521.9309 575.0718 574.8386 521.69775 418.37347 418.82007 446.55872 446.11212 उठते
96.54002 175.71977 167.36412 88.18437 145.39383 158.48337 209.02737 195.93784 इसने
87.24631 149.46942 141.45013 79.22702 205.6694 216.03957 264.15698 253.78682 कैद
16.667316 54.740273 54.653805 16.58085 394.56213 394.79504 408.92926 408.69635 यह
66.27013 124.73973 124.61104 66.14143 390.0819 390.4795 409.40503 409.00745 कहते
