5.5307465 34.510506 40.328854 11.349094 389.05734 383.91367 416.69455 421.83823 इस
127.73847 178.41489 178.52252 127.84611 32.954784 32.764683 61.460766 61.650867 एक
32.200806 81.648834 94.05968 44.61165 50.189888 41.914055 116.06867 124.344505 कर
181.40607 226.32007 226.44595 181.53195 11.546972 11.408047 52.107033 52.245956 देर
143.48886 187.6471 187.8417 143.68347 143.16985 142.87404 171.92598 172.22179 आतंकित
190.3813 207.71574 211.31328 193.97884 141.86563 139.90833 171.76877 173.72607 और
353.4158 400.13376 411.0231 364.30515 409.29456 389.56055 415.33978 435.0738 ओर
401.47552 452.98962 463.3565 411.8424 397.76538 375.5769 399.6454 421.83386 कुछ
457.72183 542.0095 552.71936 468.4316 373.53864 337.2337 362.09814 398.40308 झुककर
8.142883 91.77646 92.162735 8.52916 132.6139 132.00658 185.19939 185.80672 मिलियन
25.067064 52.551376 60.411865 32.92755 212.73277 207.33119 247.32683 252.72841 टन
390.6102 591.7897 636.9293 435.74985 159.57072 54.02278 140.06111 245.60905 डाइऑक्साइड
