11.184193 55.794567 56.07326 11.462887 32.695858 32.24824 60.023945 60.47156 भरा
9.064859 62.299828 62.53556 9.300592 95.20623 94.85286 130.36627 130.71965 हुआ
11.046909 63.588757 63.69956 11.157711 157.43803 157.22737 184.86467 185.07533 थाल
204.79938 448.9234 424.76154 180.63751 55.850327 96.42998 241.78603 201.20638 तरह
36.943527 88.65233 88.20686 36.498066 338.22836 338.5992 400.712 400.34116 हुई
277.02783 416.76746 399.46002 259.7204 248.38956 272.03134 374.33072 350.68893 हम
447.50037 500.8764 501.1496 447.77356 35.804626 35.2893 63.5851 64.100426 कह
516.65967 566.07874 566.45886 517.0398 24.060219 23.583088 62.95455 63.431683 रही
105.448456 226.5163 219.60632 98.53849 197.00766 217.15416 258.67868 238.53218 कार्यक्रम
94.895874 150.33968 145.79524 90.35144 264.17783 273.48727 300.55234 291.2429 एक
