35.503036 66.71818 66.85093 35.635788 120.126015 119.93594 141.73734 141.9274 यह
318.08835 496.98483 460.76578 281.8693 159.50476 193.96082 382.01074 347.5547 बाद
473.85312 590.1897 590.67737 474.3408 29.372574 28.371536 85.046616 86.04765 प्रतीक
136.44272 225.65329 217.86716 128.65659 78.42801 93.033005 140.59236 125.987366 भीतर
250.2992 323.60614 317.90796 244.60101 110.41617 122.49527 157.07706 144.99796 आए
126.865814 271.86713 263.4893 118.48796 147.4988 171.46043 222.15822 198.19658 आनंदमई
111.433075 182.17966 176.68173 105.93516 226.73639 238.55334 271.46866 259.6517 पास
32.98432 100.233246 99.970604 32.72168 359.96042 360.39206 401.31375 400.8821 बहुत
32.632782 114.83829 114.64609 32.440586 414.59454 415.17664 442.31793 441.73584 सफल
248.03232 397.24966 383.4288 234.21146 331.9121 357.373 438.37225 412.91138 कर
