136.31561 230.39331 216.14105 122.06336 94.1499 109.58392 196.45819 181.02417 रही
269.8286 466.0589 451.09534 254.86507 115.66101 148.24634 238.35739 205.77206 इसलिए
119.88136 234.80876 223.79323 108.86583 197.12143 216.24036 282.45688 263.33795 इधर
273.9522 399.51447 390.21765 264.6554 222.5971 243.64014 299.11365 278.07062 उधर
8.984028 63.865314 63.77267 8.891385 268.6611 268.77628 312.93124 312.81607 और
5.0141754 68.932884 68.806496 4.887786 329.83716 330.02832 372.28748 372.0963 उसी
4.9142914 66.27776 66.060875 4.6973996 400.8915 401.28598 435.0261 434.63162 तरह
210.28696 299.8725 291.19324 201.60771 285.40955 300.55792 351.8858 336.73743 उसने
319.2218 393.06378 382.76343 308.92145 300.90176 313.39914 374.2601 361.76273 कई
196.61246 259.1177 252.60916 190.10391 363.1944 373.8542 412.01807 401.35828 बार
