277.8156 335.94183 336.04443 277.9182 358.4067 358.2039 387.61276 387.81558 जात
526.5351 556.53754 580.7614 550.759 262.23068 248.4996 301.42874 315.15982 एक
144.31308 171.89304 257.20053 229.62057 20.699472 -9.864143 67.11556 97.67918 उस
222.39474 271.02805 274.80566 226.17236 410.9761 399.1545 414.69534 426.51694 पर
351.35272 453.04626 448.3329 346.63934 395.83658 410.19724 443.5748 429.21414 तब
280.95175 331.4377 331.59317 281.1072 428.7921 428.6054 470.64752 470.83423 बैटर
441.42538 495.86703 495.79776 441.3561 256.9541 257.0829 286.37903 286.25024 अपने
351.72128 429.55734 425.40604 347.56998 362.13992 372.2592 404.1907 394.07144 सिर
202.87561 294.58054 294.7666 203.06168 16.408953 15.947895 52.955017 53.416073 जल
469.11566 488.09637 493.70813 474.72742 428.36963 411.04517 417.19342 434.51788 उस
