5.660637 38.12411 42.822468 10.358994 393.07266 385.20865 404.6039 412.46793 लगा
418.3817 536.2123 552.09796 434.2674 405.7608 355.6969 393.0854 443.1493 पहला
65.691826 90.840034 96.69636 71.54815 230.3742 225.8836 258.67987 263.17047 उस
104.8645 149.76985 150.07104 105.165695 230.01129 229.53806 258.11737 258.5906 समय
532.8221 580.2508 580.13055 532.70184 6.9445915 7.1625557 33.333294 33.11533 जल
494.7718 559.22534 547.9261 483.47256 50.796967 56.134293 192.58316 187.24583 गई
117.93446 197.27437 197.3712 118.031296 16.221403 15.991669 49.435715 49.66545 समय
406.52533 491.91138 510.60254 425.2165 359.40543 321.43997 363.47726 401.44272 भर
496.99542 598.17914 616.66144 515.4777 321.53323 276.63205 318.28146 363.18265 कर
82.42026 157.10428 151.17746 76.49344 292.80124 316.64346 335.20877 311.36655 पर
20.110256 110.13377 110.601654 20.578136 114.41952 113.78531 180.19833 180.83255 चारपाई
117.95541 146.3516 152.99362 124.597435 131.22314 127.177216 173.79395 177.83987 पर
