273.26694 336.0009 336.173 273.43906 341.29968 341.08032 390.31232 390.53168 भाई
181.19586 207.27448 293.01105 266.93243 9.929438 -18.194633 61.306328 89.4304 इस
530.2097 555.5498 575.2506 549.9105 263.51498 251.88297 294.8007 306.4327 पर
286.92627 343.67468 343.77753 287.0291 395.3567 395.1535 423.86963 424.0728 वह
288.59833 346.27332 346.38336 288.70837 447.1305 446.91638 476.56433 476.77844 वह
171.14839 191.3106 247.90453 227.74232 58.434135 35.901085 86.54041 109.07346 कहा
497.37976 537.5637 537.5032 497.3192 257.08646 257.1815 282.7955 282.70047 पर
241.88223 287.58707 287.6973 241.99246 448.42032 448.25052 477.92227 478.09207 कहा
169.51352 182.99176 225.15549 211.67725 25.806898 11.032608 49.49756 64.27185 रहा
427.40515 444.8761 456.82892 439.35797 268.18066 260.97217 289.94177 297.15027 पर
