172.70587 202.6313 285.54855 255.62312 12.597801 -19.882477 56.512672 88.99295 कठोर
353.25522 438.15524 434.6594 349.75937 362.95102 374.00577 400.8536 389.79886 उनके
355.54492 412.28326 408.19135 351.453 398.69098 406.74585 435.56934 427.51447 इसे
358.19357 412.2421 409.1849 355.13638 440.03333 448.44012 468.09528 459.68848 रुप
286.71185 329.635 329.74506 286.8219 446.8596 446.7003 476.34128 476.50058 भरा
514.4106 543.0358 567.14886 538.5236 255.86345 242.87994 296.04285 309.02637 यही
356.6687 413.53223 411.02344 354.1599 341.41138 348.40106 368.8111 361.8214 उस
270.41943 302.63385 302.7209 270.50647 347.8701 347.75888 372.95792 373.06912 रहा
449.14636 518.1169 518.0479 449.0774 255.72263 255.87143 287.8323 287.6835 चन्दर
229.368 268.41406 270.59406 231.54802 402.53595 393.18823 402.29437 411.6421 टगर
232.04092 263.93005 266.2028 234.31366 421.17126 413.20166 422.29565 430.26526 कर
417.5939 461.3721 461.29623 417.51804 260.63422 260.7652 286.1305 285.9995 बाढ़
