175.15356 199.57065 285.31775 260.90067 20.500765 -6.0926514 72.637115 99.23053 हरी
222.65602 264.0865 267.87988 226.44945 412.84903 402.73477 418.2736 428.38785 यह
449.1998 459.53128 469.47934 459.14786 268.27316 263.91098 287.47208 291.83426 रहे
278.07812 339.10858 339.3131 278.28265 333.4354 333.22177 391.65305 391.86667 और
366.0244 427.07672 423.0254 361.97308 380.40637 388.67468 418.5893 410.32098 पर
367.8961 443.408 438.81058 363.29868 430.29453 441.7592 472.0399 460.57523 कर
525.5608 590.3002 590.20325 525.46387 258.42 258.58658 296.24338 296.0768 आप
286.47098 332.51236 332.66336 286.62198 406.78394 406.61627 448.08984 448.2575 और
177.51901 195.77249 249.81567 231.5622 57.013092 36.70433 85.27826 105.58702 सूगर
470.78546 532.551 532.47205 470.70648 257.02347 257.1697 290.53494 290.3887 चलते
356.13934 417.69293 413.88568 352.3321 333.2345 340.63513 372.3015 364.90088 रही
