518.2518 596.4296 596.11945 517.9416 255.50671 256.1532 293.662 293.0155 साहब
186.75781 205.73267 267.82538 248.85052 19.114769 -1.3988953 56.036034 76.5497 वह
459.9257 483.24826 498.51724 475.19467 263.27542 253.29532 288.97745 298.95755 आए
492.8962 516.22534 532.2312 508.9021 263.38782 253.06433 289.23468 299.55817 बाघ
356.10123 446.8643 442.449 351.68594 410.9274 424.1785 454.4208 441.1697 मजबूर
160.03564 178.5485 241.79883 223.28598 32.478096 11.993011 69.15386 89.63895 भर
225.9899 268.8344 272.86972 230.0252 414.93628 404.40918 420.83252 431.35962 भर
414.81003 468.78305 468.71463 414.7416 255.64853 255.76498 287.4664 287.34995 बहन
350.15784 394.79688 391.61377 346.97473 334.13324 339.52423 365.8816 360.4906 ढेर
353.08078 403.71652 400.1011 349.46536 379.8812 386.7595 413.37515 406.49686 हुए
