53.133408 191.99208 192.97426 54.115585 191.46535 189.99146 282.5255 283.9994 चली
233.4981 313.44586 313.89307 233.9453 215.47227 214.93698 281.72894 282.26425 पर
4.8184814 30.865505 31.016212 4.9691887 58.302513 58.07128 75.047646 75.27888 कर
534.71844 577.2567 539.3693 496.83102 16.592346 37.786728 113.82895 92.63457 ओर
-12.094185 78.76063 95.9436 5.088791 112.28881 78.47247 124.63822 158.45456 एक
273.89334 300.6782 292.02988 265.24503 136.78256 155.2233 167.78482 149.34409 पर
217.48999 298.05402 298.26428 217.70026 296.57812 296.28198 353.47583 353.77197 चली
214.79587 270.48294 270.48547 214.7984 396.6957 396.6924 439.28598 439.28928 वह
297.21255 379.56473 379.5823 297.23013 379.3712 379.34415 432.863 432.89005 कभी
38.61395 137.29224 137.58932 38.911037 290.18118 289.54825 335.86728 336.5002 देखकर
39.501823 82.26077 82.42886 39.669914 344.32297 344.14737 385.07602 385.25162 उठे
104.04237 145.97826 146.05319 104.11731 355.9842 355.89893 392.75946 392.84473 वह
167.2505 218.42134 218.49403 167.3232 355.75104 355.6385 388.68762 388.80017 एक
239.14783 291.31116 291.38403 239.2207 355.49094 355.37625 388.5273 388.642 एक
23.44221 72.613716 81.35987 32.188362 144.6169 126.54088 150.33269 168.4087 और
