353.67108 428.23273 426.16876 351.60712 349.36694 358.7381 375.1601 365.78894 समय
355.73364 430.86725 428.6172 353.48358 381.4708 391.70743 408.22195 397.98532 समय
357.3461 412.50418 408.6331 353.475 406.56992 414.53983 441.33102 433.3611 कई
182.60039 197.11205 249.25453 234.74287 42.660515 26.704826 74.128296 90.083984 पर
234.16039 243.5614 286.40125 277.00024 41.91705 31.886597 72.03804 82.0685 न
513.82837 577.39624 577.2916 513.72375 259.6553 259.83218 297.44528 297.2684 कर
280.45462 333.17294 333.35098 280.63266 345.2066 345.02155 395.73596 395.92102 हैट
186.17987 272.65964 272.71506 186.23529 7.280086 7.1318245 39.454838 39.6031 हंसकर
276.68283 346.45224 346.65024 276.88083 424.6618 424.4026 477.7033 477.96252 और
422.75485 477.27493 477.21494 422.69485 256.90994 257.0389 282.39963 282.27066 महान
