438.99643 489.5715 489.49118 438.9161 259.19705 259.33566 288.65085 288.51224 अपनी
490.26282 542.88477 542.8002 490.1782 259.33752 259.48175 290.3557 290.2115 करनी
285.44308 340.8572 340.96658 285.55246 371.68146 371.48602 402.5019 402.69733 ज्वर
287.36276 343.1653 343.31595 287.5134 431.53845 431.3319 472.02393 472.23047 कुछ
351.24533 416.3967 412.69888 347.54752 358.6168 367.01205 395.70895 387.3137 रहते
353.721 430.13025 426.17194 349.7627 397.40414 408.2255 436.17496 425.3536 टीचर
532.1061 579.2185 579.16016 532.0477 255.90158 256.00327 283.06906 282.96738 कर
222.21655 267.87433 271.41464 225.75687 409.08353 398.03317 412.66104 423.7114 पर
284.03665 340.0485 340.17532 284.16348 330.8097 330.61707 367.49133 367.68396 वक्त
352.12488 447.6537 441.77673 346.24792 427.9001 442.4038 481.11255 466.60883 उसी
