288.7157 337.84174 337.9624 288.83636 350.4419 350.27075 384.91052 385.08167 घर
452.64014 502.794 502.73578 452.5819 257.2309 257.35162 281.53925 281.41852 तथा
504.14313 586.23865 585.97394 503.8784 256.9948 257.64215 291.21667 290.56934 मजबूत
151.25739 236.86292 236.98337 151.37784 16.136436 15.722221 40.613266 41.02748 पाठक
191.5227 289.81653 290.37857 192.08475 51.841625 50.09455 81.71687 83.46395 आपको
350.19553 447.69003 443.80063 346.30612 373.56384 386.6153 415.6692 402.61774 लेखक
352.98672 415.25412 410.96335 348.69595 417.4873 426.7232 455.65118 446.41528 सूद
283.8918 335.31766 335.46664 284.0408 423.2565 423.0673 463.55203 463.74124 यह
362.2144 426.44028 423.61227 359.38638 349.21805 357.2642 379.8378 371.79166 अत
417.54785 442.8047 460.09784 434.841 256.89758 246.53513 288.68433 299.04678 मेल
223.89105 238.5445 291.28357 276.63013 13.710562 -1.7465744 48.25026 63.707397 भेद
379.74844 445.5472 443.30057 377.5018 459.04733 469.92313 483.5153 472.6395 करवट
