148.34422 237.11238 237.36815 148.59999 23.064396 22.417126 57.493565 58.140835 गया
215.89589 237.87262 297.573 275.59625 22.571823 -0.84436035 55.18608 78.602264 जब
221.95453 270.47995 274.00534 225.47992 407.21173 395.5183 410.148 421.84143 यह
262.61865 343.1728 343.28516 262.73102 442.75348 442.4613 473.44525 473.73743 आजाद
166.49199 180.51512 227.5772 213.55406 59.825256 44.09842 86.062225 101.78906 हर
450.50143 491.2549 491.17325 450.41977 261.9874 262.11783 287.63297 287.50253 धन
496.66577 584.1676 583.96045 496.4586 261.80606 262.4736 289.6293 288.96176 उपलब्ध
271.13824 339.00092 339.18195 271.31927 337.3755 337.13843 388.9513 389.18835 कुछ
211.42787 219.70009 246.51152 238.2393 37.60883 28.68974 53.55663 62.47572 एक
237.20395 245.35788 267.48682 259.3329 60.65358 51.866776 72.4019 81.188705 क्षण
