142.06673 222.09962 221.77324 141.74034 328.5007 328.96982 384.64975 384.18063 कहा
315.29666 375.70877 372.55246 312.14035 281.76694 294.173 309.5427 297.13663 हाथ
318.20422 416.0952 413.80603 315.91504 307.93942 326.75668 338.6655 319.84824 समस्या
320.5497 401.4388 398.46695 317.57785 329.05194 343.74194 360.10608 345.41608 करती
185.86566 221.38321 221.10278 185.58524 240.66638 241.03238 268.2447 267.8787 हर
179.56075 238.36394 238.06001 179.25682 288.19092 288.65576 327.10535 326.6405 चीज़
140.29597 222.37865 222.31157 140.2289 401.00403 401.18573 431.49048 431.30878 उठकर
232.0415 299.9203 299.8083 231.92952 389.03192 389.224 428.79785 428.60577 उनके
309.15378 363.23642 363.1699 309.08725 401.37793 401.49768 431.54498 431.42523 पास
374.94583 414.33658 412.91794 373.5272 388.39743 389.5477 438.12717 436.9769 गई
428.37473 476.77536 476.65677 428.25613 389.58755 389.72452 431.64438 431.50742 और
