2.6051025 33.257614 33.426567 2.7740555 56.25676 55.99797 76.009964 76.26875 अब
548.7018 569.3041 545.9459 525.3436 43.483284 53.74819 100.62945 90.36454 ऐसी
291.78076 423.3625 423.79828 292.21655 231.68343 230.9696 311.3047 312.0185 आप
-3.2331772 62.496788 72.49211 6.762146 105.20029 79.88025 105.827774 131.14781 कहा
-6.7608566 48.56633 61.762238 6.435051 132.91122 112.45404 148.14288 168.60007 इसे
165.27173 219.85345 219.86334 165.28162 401.23026 401.21347 433.42618 433.44296 सब
243.10168 306.6255 306.61505 243.09126 401.054 401.0687 446.16635 446.15164 कुछ
57.22472 106.466354 115.38631 66.14467 118.416306 100.16405 124.22862 142.48088 और
517.4456 545.4082 519.9616 491.999 19.1595 32.548447 85.69342 72.304474 वह
282.69016 315.48532 302.4938 269.69864 132.4493 155.1338 173.91573 151.23122 और
9.660011 139.51785 139.82904 9.971199 274.9269 274.00858 318.01364 318.93198 अमानत
6.4967213 61.07492 61.323547 6.745348 333.23914 332.9889 387.21088 387.46112 की
79.25411 163.04507 163.22028 79.42933 346.29538 345.9589 389.59116 389.92764 रकम
25.05785 70.23547 75.33914 30.16151 159.93556 143.21284 157.00075 173.72346 सहयोगी
