412.64758 504.69702 519.11444 427.065 180.91724 147.4739 187.15652 220.59985 ऊपर
386.80594 431.96024 421.0123 375.858 -0.532341 8.244247 64.56992 55.793335 और
364.22067 408.87253 408.47086 363.819 77.66642 78.179146 113.1603 112.647575 इस
421.60925 471.74042 471.4342 421.30304 78.11709 78.6554 107.17193 106.63361 बात
391.6776 437.99542 436.20282 389.885 353.69073 356.44226 386.61823 383.8667 बैठ
455.79092 529.33374 529.3563 455.81345 405.80472 405.76315 445.63168 445.67325 अपने
311.5424 332.96237 328.15048 306.7305 17.257534 19.722065 61.543507 59.078976 वह
217.71425 244.30833 272.86334 246.26924 292.7242 277.56302 327.65103 342.81223 हम
493.58417 529.075 518.30585 482.815 -0.2774582 7.9326477 54.485916 46.27581 वह
467.39508 521.4989 521.10516 467.00137 80.61037 81.236435 115.26138 114.635315 उस
242.0202 281.8872 278.20343 238.33643 7.0521927 10.285507 55.70661 52.473297 पहर
425.5879 492.4491 492.2386 425.37738 45.832085 46.314148 75.50928 75.027214 शानदार
