344.79358 386.3285 389.96814 348.43323 401.63223 397.44943 433.59116 437.77396 हुए
535.829 573.3364 586.08875 548.5813 154.24695 129.62363 149.04868 173.672 लगे
385.27307 527.8821 526.7667 384.15768 12.09272 13.700554 112.63096 111.023125 करने
485.20404 527.2858 527.3074 485.2256 405.7852 405.76114 443.4498 443.47385 दूर
354.58948 382.79242 383.9073 355.70435 379.4554 376.5945 387.58505 390.44595 गरज
523.39575 589.4702 598.0044 531.92993 134.74457 91.17441 104.11647 147.68663 अवनत
513.16785 573.3982 573.1644 512.9341 53.22126 53.701317 83.02413 82.544075 जरूर
443.92853 488.08667 488.0987 443.94055 421.46173 421.4364 442.37927 442.4046 मना
323.94635 356.11597 357.63403 325.46442 386.5913 383.33252 398.31824 401.57703 गया
404.00433 439.17896 437.75323 402.5786 359.36606 361.48032 385.1993 383.08505 हम
403.9893 435.8762 434.53397 402.64706 395.58157 397.66238 418.2308 416.15 पर
