450.5919 505.68192 505.69778 450.60776 406.93253 406.89975 433.5925 433.62527 एक
52.663536 108.20146 67.45958 11.921656 29.055817 49.70172 159.29822 138.65231 गयी
245.48056 282.15833 277.98306 241.30531 4.553211 7.585182 58.09328 55.06131 आदि
416.4563 442.4673 442.36407 416.3531 43.452023 43.60056 61.66904 61.520504 वह
410.24542 455.5332 455.32208 410.0343 68.51103 68.92265 92.15425 91.74263 निकल
459.4367 485.32007 485.17084 459.28748 75.77446 76.00972 92.42554 92.19028 कर
403.51785 431.4526 431.23294 403.2982 106.65577 107.01043 124.31483 123.96017 कह
427.4377 446.27603 510.90616 492.06784 171.798 141.64706 182.02798 212.17892 उन
500.15344 532.1903 532.2002 500.16333 428.07965 428.06152 445.63 445.64813 यह
96.97424 125.63312 108.47983 79.82095 102.3689 114.24985 155.62646 143.74551 आप
142.1983 174.7757 149.75677 117.179375 90.13583 104.41824 161.48505 147.20264 लोग
61.634697 122.90111 121.026726 59.76032 160.45769 164.08287 195.76036 192.13518 आराम
304.55518 324.33228 321.57928 301.8022 21.51062 23.723953 48.32328 46.109947 यह
435.62476 566.62317 566.182 435.18356 8.468163 9.372742 73.263245 72.358665 ग्रहण
365.07242 414.20786 414.07144 364.936 12.606884 12.805492 46.5587 46.360092 कर
361.37247 396.61826 387.2695 352.0237 65.126755 71.819336 121.05371 114.36113 चूर
