379.61102 494.5244 493.35834 378.44495 27.950089 29.381882 122.96965 121.53786 पर
338.6182 387.07028 389.0867 340.6346 410.3376 405.47186 425.5511 430.4168 बस
395.97357 436.25403 435.11945 394.839 371.13504 373.62643 391.97037 389.47897 उससे
116.11942 146.53726 123.495155 93.077324 38.5813 51.06349 107.21471 94.73251 एक
87.76621 118.27058 96.93975 66.43539 111.90497 124.45453 176.30359 163.75403 क्षण
417.32358 437.99014 520.46936 499.80283 168.31784 135.1979 186.66425 219.78418 गयी
513.6403 544.4703 534.26105 503.4311 13.804619 21.186424 63.825066 56.44326 गिर
490.84607 528.8184 528.5629 490.59058 86.92425 87.34333 110.49056 110.07148 रहा
324.05133 368.30566 370.1281 325.87378 387.5879 383.10645 401.1032 405.58466 गाए
369.57468 399.27878 391.61038 361.90628 2.3649979 7.967083 48.627388 43.025303 दूध
149.54932 182.81168 149.53296 116.27059 93.38379 108.14023 183.1536 168.39716 तुम
