299.9314 330.11517 325.9964 295.81262 4.3151436 7.598339 45.463768 42.180573 बदा
425.11298 506.04474 520.4694 439.53766 176.36581 146.96176 186.66422 216.06827 गया
465.95255 527.397 527.41956 465.9752 404.66693 404.63202 444.5417 444.5766 इस
490.37488 539.8571 521.58856 472.10632 34.970367 46.50284 124.8876 113.35513 गई
327.73868 387.37357 391.4189 331.78403 403.34973 397.34418 437.51428 443.51984 पर
376.69168 453.99356 453.4697 376.16782 70.20823 71.114204 115.81403 114.90806 नकली
332.8 380.11377 382.55176 335.23798 374.62064 369.80948 393.785 398.59616 तरह
229.08826 258.44714 263.5802 234.22131 389.08997 380.5681 398.25214 406.774 सिर
241.40002 269.4007 266.016 238.01534 8.01704 10.280678 52.14841 49.884773 पर
379.1909 433.9755 433.7311 378.9465 38.705956 39.09262 73.71865 73.331985 मन
