235.13852 266.3123 263.34995 232.17618 11.883614 14.31448 52.30378 49.872913 मन
110.359276 128.12976 116.73666 98.96618 101.923615 109.43094 136.39937 128.89204 तक
137.51646 153.30655 139.22691 123.43684 103.321625 110.25462 142.32132 135.38832 इस
470.75446 525.7898 525.81024 470.7749 400.154 400.1214 434.68097 434.71356 फिर
400.28882 441.19843 439.54425 398.63464 384.33087 386.9364 412.90887 410.30334 हम
272.17917 298.59958 295.5599 269.1395 4.7963333 7.3190765 39.15335 36.630608 एक
311.70148 332.17212 328.2426 307.77197 4.9849167 7.327919 41.659744 39.316742 हद
425.18658 438.65106 496.05414 482.58966 157.18835 135.61032 171.42932 193.00735 पर
219.07582 236.16261 234.68755 217.60075 25.087158 26.295105 47.16056 45.952614 पास
64.80814 109.89057 74.43441 29.351982 59.787613 77.16672 169.14207 151.76297 और
403.54736 432.87695 431.82642 402.49683 365.14548 366.93265 384.1733 382.38614 हम
