250.38144 276.19336 271.541 245.72908 10.7751465 12.9761505 67.53615 65.335144 और
329.90234 376.3739 380.11987 333.64832 395.05933 390.36633 427.4604 432.15338 पति
413.31915 499.5061 498.61823 412.43127 59.201202 60.32586 128.36737 127.242714 कुछ
503.47083 575.66797 593.3843 521.18713 143.83342 95.698685 122.27135 170.40608 मगर
277.11136 314.13345 314.09177 277.06967 8.891701 8.946831 36.96033 36.9052 सकता
394.8862 422.96628 422.0192 393.93912 377.52417 379.2868 394.37476 392.61212 घर
346.56808 421.25003 420.75894 346.077 63.20793 64.02768 108.76657 107.94682 आपने
324.89816 363.0768 364.69998 326.52133 376.43005 372.54907 388.51666 392.39764 शहर
398.15237 432.94797 431.8066 397.01102 350.85635 352.90744 372.2703 370.2192 पर
386.80725 431.9546 431.80792 386.66058 21.970856 22.185524 53.028084 52.813416 रात
