10.139599 41.43781 78.07475 46.776546 353.1469 329.03802 376.60016 400.70905 रहे
329.95502 377.24988 379.0733 331.77844 385.9826 381.1916 399.19147 403.98248 मगर
372.3904 440.27835 440.02774 372.1398 18.398964 18.790817 62.208138 61.816284 करके
456.33737 488.72818 479.8052 447.4144 25.913315 33.05358 73.53131 66.391045 वह
361.27908 433.47012 433.02267 360.83163 84.01311 84.90407 121.15692 120.26596 इसका
247.28278 279.0381 275.50415 243.74886 8.9737015 11.631844 53.849594 51.191452 बाद
334.02304 376.48587 379.30704 336.8442 414.84338 410.58508 438.71698 442.97528 पर
527.6866 577.4122 596.71674 546.99115 135.67148 102.645966 131.71234 164.73785 पर
220.50108 238.83327 236.57875 218.24657 4.9268875 6.2228813 38.113594 36.8176 और
463.17804 522.75366 522.77155 463.19592 410.2869 410.25253 441.26553 441.2999 फॉर
500.48065 543.16376 529.6193 486.93622 8.020691 18.025185 75.81106 65.806564 वह
