240.10754 269.78308 265.89093 236.2154 3.8537903 6.2296295 54.844597 52.468758 और
350.57056 520.022 518.8571 349.40567 4.605835 6.4910736 111.19317 109.30793 जीवन
470.3285 517.0464 517.0663 470.3484 405.79135 405.7643 440.1741 440.20114 हम
13.988935 43.195877 63.716095 34.509155 372.04984 338.7491 356.74667 390.0474 रहा
299.77393 323.8966 319.30347 295.1808 15.7389145 18.375458 60.39972 57.763176 सही
323.8901 384.46658 388.51828 327.9418 395.66647 389.5491 429.67044 435.7878 नए
51.05289 77.7702 95.54648 68.82916 382.09827 352.12714 367.97357 397.9447 मन
354.16064 389.45306 391.28027 355.98785 375.46942 371.88434 389.87177 393.45685 एक
530.14594 558.4056 546.9808 518.7211 0.44844055 7.345001 54.1597 47.263138 हुए
520.7916 559.4281 547.3783 508.74182 43.065247 52.508392 101.81006 92.36691 और
