535.95917 578.6712 592.5173 549.80524 153.02028 124.964615 146.0439 174.09956 जुग
375.5458 437.83267 422.32797 360.0411 43.783142 55.83185 135.98483 123.93613 पड़
78.03806 151.28111 100.46694 27.223886 2.1862793 30.05011 163.62057 135.75674 बस
335.45114 385.9738 388.38998 337.86734 418.74673 413.6873 437.81503 442.87448 चली
505.38333 550.8434 560.92786 515.4678 149.35233 119.14322 134.31876 164.52786 सब
442.3986 486.97275 471.98917 427.415 51.948837 61.64601 130.51967 120.822495 पैर
110.50081 161.50961 128.91081 77.902016 119.617676 141.4018 217.73383 195.9497 चकित
326.95044 364.20923 366.53888 329.2801 386.28702 382.51266 405.51004 409.2844 यह
420.21002 478.92896 488.26703 429.5481 186.35274 164.83763 190.3231 211.83821 तक
465.92407 554.7604 554.2798 465.4435 5.849312 6.4763107 74.56947 73.942474 श्रम
163.7409 221.03125 225.74225 168.4519 388.78235 366.25653 378.23816 400.76398 यह
