381.0905 545.68866 545.04645 380.4483 6.5664444 7.9282455 85.5553 84.1935 आस्तीन
459.22055 525.8202 525.8375 459.23782 410.29385 410.25534 440.16904 440.20755 कर
341.73666 388.18033 390.0955 343.65182 411.03552 406.3731 425.45044 430.11285 चला
251.409 280.52676 276.47272 247.35495 5.0942497 7.584732 54.983055 52.492573 एक
3.8845654 46.419487 75.096695 32.561775 369.34537 320.88657 346.05807 394.51688 आते
371.85156 470.66437 470.0667 371.2539 86.33469 87.667694 131.96893 130.63593 विश्वसनीय
328.63733 376.97485 379.5102 331.17267 383.09488 378.19308 403.19443 408.09622 कर
303.6965 333.2609 327.7916 298.2272 9.726807 13.0045395 62.336266 59.058533 इस
344.61798 387.3822 387.11908 344.35486 44.180145 44.50801 78.82898 78.501114 भरी
220.88939 246.74495 243.52794 217.67238 7.0899887 8.924561 54.2637 52.429127 तेल
