369.78052 426.91443 447.0011 389.8672 283.5659 245.0712 274.88388 313.37857 और
1.3490744 26.092422 26.206429 1.4630804 7.4135647 7.300926 32.34443 32.45707 फल
2.725294 27.550915 27.41663 2.5910084 58.413803 58.554718 82.211075 82.07016 आज
36.071056 57.464687 57.330082 35.93645 58.60309 58.724533 82.43759 82.31615 तक
66.94041 89.022865 88.48473 66.402275 48.877693 49.231056 82.85996 82.5066 भोग
3.0208216 21.462833 21.643036 3.201026 106.89604 106.76329 131.79489 131.92764 रहा
375.9614 414.11026 414.0153 375.86642 12.631016 12.748333 43.62495 43.507633 सूद
47.156006 109.38808 108.87573 46.64366 99.53113 100.088684 157.2749 156.71735 वह
326.09183 367.80106 378.76907 337.05984 295.34262 266.97336 283.09885 311.4681 सकती
119.64296 194.76712 194.35497 119.23081 9.766365 10.267586 72.04091 71.53969 अनुसार
117.86339 162.18942 159.697 115.37097 78.98819 80.8672 139.66328 137.78427 जिस
