386.32162 413.5668 408.55124 381.30606 6.536701 10.351696 46.17095 42.355957 हुए
450.52515 490.3698 480.34882 440.50415 27.960861 31.998398 130.89143 126.8539 रहे
513.3344 567.6532 553.25885 498.9401 53.077103 60.86139 161.30455 153.52026 और
443.03314 542.3373 515.59894 416.29483 148.78311 187.0794 256.4131 218.11679 असली
323.35425 350.0935 341.73718 314.99792 335.0843 357.45813 367.44482 345.07098 दोष
41.89177 65.43931 65.26565 41.71811 39.51358 39.61107 81.55823 81.46074 तुम
42.246513 68.51327 68.148415 41.88166 87.690796 87.901215 133.44432 133.2339 इसी
77.07544 111.63603 111.30136 76.74077 99.48682 99.87761 129.47528 129.08449 जगह
344.63406 372.62216 387.75333 359.76523 297.82547 278.90408 301.2858 320.20718 हुए
367.36154 406.3248 416.5148 377.55154 331.2401 305.15198 320.37097 346.4591 कहा
116.0392 164.18227 161.0865 112.943436 39.05092 41.006577 117.21634 115.26068 यह
183.33473 208.26295 203.24312 178.3149 39.33577 41.192535 108.58693 106.73016 न
333.84363 402.90222 387.82507 318.76648 155.30475 181.67148 221.16092 194.79419 करना
392.59122 428.4188 439.9747 404.14713 282.71774 258.55484 275.68942 299.85233 और
10.003035 31.936152 31.984941 10.051825 44.48781 44.450737 73.32007 73.35714 चरा
10.512238 39.965797 39.869057 10.415498 84.41424 84.48519 124.64614 124.57519 करते
