16.936634 46.53934 46.358135 16.755428 45.247086 45.383545 84.69255 84.55609 हाथ
17.578053 42.452255 42.326694 17.452494 114.51677 114.60997 148.11751 148.0243 कट
406.35785 549.7462 518.2558 374.86746 127.55258 182.55582 264.64822 209.64499 रखता
346.772 425.37222 448.96176 370.36154 310.68933 257.99 293.1734 345.87274 अब
50.1718 136.19574 135.10953 49.085587 6.2278748 6.8615417 154.32259 153.68892 विनय
455.21884 524.24884 510.45114 441.42114 14.194855 22.354904 139.07623 130.91618 और
541.9625 593.93604 579.322 527.3485 84.65845 92.961 184.44391 176.14136 वह
137.7758 175.43224 171.96959 134.31316 4.5017242 6.409973 74.740234 72.831985 और
131.13782 179.2464 178.67188 130.5633 101.49838 102.10809 147.4395 146.82979 अन्य
321.4226 356.89148 347.84875 312.37988 320.5181 350.5638 361.23874 331.19302 कुछ
