46.27133 113.26872 112.91707 45.919678 70.10522 70.54711 123.86317 123.42127 आया
132.00183 178.55304 175.04446 128.49326 68.678635 70.97771 142.01941 139.72034 इस
472.7381 532.5818 522.3339 462.49026 59.64157 67.14386 148.8876 141.38531 तरह
181.8596 206.83684 204.46367 179.48643 35.13385 36.971848 69.22174 67.38374 एक
179.97508 203.32271 200.9644 177.61678 89.357 91.10044 122.68192 120.938484 क्षण
541.7256 592.93506 578.042 526.8325 40.403076 48.367218 144.13005 136.16591 फिर
527.81006 579.26135 568.921 517.4697 174.48022 182.68951 247.49664 239.28735 शहर
369.2232 394.41504 405.96582 380.774 283.99435 266.9423 284.0068 301.05887 हम
388.02673 411.18982 421.4007 398.2376 314.01324 298.4911 313.7284 329.25055 पर
419.3173 482.43973 473.54868 410.42624 135.26947 141.77594 228.03223 221.52576 बच
373.51376 414.28494 414.2482 373.47702 5.4897537 5.5400085 35.368637 35.318382 यह
