359.49564 425.56778 440.7745 374.70236 298.45093 253.90509 276.46027 321.0061 भगत
95.45671 120.44154 118.45842 93.47359 16.204865 16.952507 83.22446 82.476814 रहे
412.32465 513.8351 483.81647 382.30603 115.37683 154.8707 232.02707 192.5332 बात
374.392 414.1052 414.06992 374.35672 6.695423 6.744385 35.368435 35.319473 यह
126.74638 170.99335 167.92381 123.67684 18.836464 20.851677 88.24791 86.2327 पत्र
510.90356 575.11145 556.29004 492.08218 6.539795 15.773987 146.64458 137.41039 तौर
490.53967 537.2029 527.3679 480.7047 190.88339 197.2839 268.9857 262.58517 पर
396.6313 447.62085 459.6944 408.70483 308.59784 274.4663 292.50317 326.6347 ऊपर
11.733009 93.73459 93.57233 11.570751 7.9331436 8.064827 109.11453 108.98285 एक
543.7087 592.61273 582.5014 533.59735 155.39867 163.47978 224.66966 216.58855 सब
