366.96292 428.42966 443.6437 382.17697 293.4008 251.95981 274.5258 315.96677 परंपरा
131.46559 189.63455 184.69695 126.52799 33.1062 35.912125 138.27242 135.46649 रहा
544.21136 588.779 576.56805 532.0004 56.638275 63.52748 142.52219 135.63298 और
529.2782 583.33594 567.5392 513.48145 170.8486 192.38809 232.0332 210.49371 बाग
88.843315 119.42892 118.54496 87.95936 64.9727 65.8076 98.190125 97.355225 उनकी
87.54139 117.38349 116.39431 86.55221 112.668015 113.48262 149.72035 148.90575 कमाई
322.89645 358.22543 372.8135 337.48453 294.89743 270.8992 292.37503 316.37326 और
51.541992 80.84544 80.24823 50.944782 76.249756 76.49394 148.1623 147.9181 हुई
461.34583 530.90125 519.3528 449.7974 26.234802 34.748474 129.09755 120.58388 चार
450.49646 518.5333 502.58276 434.5459 125.80197 134.12222 264.55453 256.23428 दिन
