323.54074 354.25345 346.28036 315.56766 322.31244 348.32916 357.7414 331.72467 और
438.69983 507.47095 487.54688 418.77576 111.53839 139.16138 188.76508 161.14209 जगह
48.003067 88.47446 88.074326 47.602936 14.864517 15.120293 78.43292 78.17715 भूल
46.469055 88.604126 88.11049 45.975418 95.14555 95.508224 152.85825 152.49557 गयी
106.91095 145.27853 143.73688 105.36929 111.869934 113.30487 154.526 153.09106 अब
491.68823 547.36084 537.5608 481.88818 52.051514 59.433083 133.34592 125.96435 जीवन
152.43494 193.66736 189.63129 148.39886 50.724457 53.16864 121.25563 118.81145 तेज
374.392 415.00882 414.97354 374.35672 6.6896515 6.739727 35.369545 35.31947 यह
351.7274 414.33707 437.9498 375.34012 299.65045 257.5901 292.7392 334.79956 करो
540.31323 567.4614 560.2495 533.1013 180.07861 184.23474 231.3436 227.18747 वह
1.705862 28.861856 29.022453 1.8664589 8.922184 8.8357315 59.28126 59.367714 दिन
2.715248 40.851517 40.722755 2.5864851 69.58168 69.69011 114.978745 114.870316 होटल
