326.47705 341.97375 343.16046 327.66376 226.07646 224.40874 235.43571 237.10344 वह
323.7367 371.4115 368.78125 321.10645 290.3685 299.99026 313.02274 303.40097 डर
326.16257 390.41653 387.94156 323.6876 312.5212 324.77145 337.75296 325.50272 मगर
328.5658 415.47443 413.15308 326.24445 334.46704 350.07263 363.0005 347.3949 कपडा
137.77264 228.68408 228.4577 137.54626 371.7974 372.13223 433.59024 433.2554 जब
269.47824 357.7775 357.54752 269.24826 372.28244 372.60764 435.0425 434.71732 तक
359.01028 422.37418 422.32492 358.96103 409.60553 409.71967 437.08514 436.971 अगर
439.14246 521.3003 521.2836 439.12576 396.30136 396.335 437.0375 437.00388 मिसेज
335.1008 410.87698 407.89688 332.1207 274.49936 290.50534 304.61398 288.608 मगर
167.00752 227.648 227.37776 166.73729 290.11935 290.59256 325.22177 324.74857 भरा
