31.659424 113.125275 112.82178 31.355928 15.49736 15.677521 152.91574 152.73558 बहुत
507.11395 594.626 569.8018 482.28976 48.17624 61.9606 219.56049 205.77612 उसे
138.0424 172.38243 169.92793 135.5879 80.7872 82.6003 129.0885 127.2754 एक
189.80933 230.5315 225.51306 184.7909 58.212868 61.409035 125.34844 122.152275 मोम
376.1316 418.29047 413.14178 370.9829 138.31763 141.18439 216.90082 214.03406 कोई
432.53732 486.9213 474.05508 419.6711 179.61977 200.69194 233.89757 212.8254 वजह
107.221756 135.60063 133.93263 105.55376 56.439896 57.475876 103.16765 102.13167 यह
104.4706 133.61813 132.27242 103.12488 131.80307 132.86713 169.73087 168.66681 सब
398.05222 420.9296 418.48788 395.6105 115.37283 116.940704 152.56845 151.00058 कर
428.47324 489.65378 475.43942 414.25888 115.6763 140.3935 175.57715 150.85995 निकलने
