177.53125 211.34695 211.70508 177.88937 14.050455 13.482719 34.81437 35.382103 कहते
391.47693 475.32 478.6374 394.7943 76.144905 60.497993 78.27413 93.92104 करने
496.78308 575.3119 578.83594 500.30713 55.346428 40.691277 59.574974 74.230125 और
392.83878 448.55246 451.0068 395.29312 104.28432 94.79553 109.20633 118.695114 इस
392.6508 490.30338 493.38132 395.72873 120.60921 105.36748 125.08778 140.32951 दिवस
4.688671 70.53587 72.686264 6.8390694 146.5393 143.91302 197.82858 200.45486 रही
93.27681 168.18118 168.12456 93.22018 284.97128 285.06644 329.6439 329.54874 शाम
130.94505 167.52818 171.71083 135.1277 125.91271 115.748856 130.80365 140.96751 पर
187.11725 355.0713 354.63324 186.67921 221.57892 222.0321 384.37262 383.91943 सुबह
375.26544 448.80566 448.70648 375.16626 304.54514 304.6633 366.40555 366.28738 उस
