108.857346 161.15976 161.10063 108.798225 244.66928 244.77396 274.31705 274.21237 पर
173.87816 244.89699 244.81502 173.79619 233.38428 233.5264 274.4846 274.34247 रखे
118.23683 202.44548 202.40883 118.20018 299.24686 299.3563 327.56833 327.4589 आया
221.44589 286.4638 286.413 221.3951 288.5041 288.58856 327.67743 327.59296 और
119.56586 172.80127 172.78433 119.54892 351.36423 351.39767 378.36935 378.3359 घर
9.885002 51.45719 52.40956 10.837372 163.32985 161.63048 184.92842 186.62779 बार
3.9805584 42.516068 42.550262 4.0147533 7.737963 7.66683 26.192507 26.26364 जब
295.76694 390.71988 390.644 295.69107 284.24854 284.42633 324.95013 324.77234 लड़की
296.8183 341.3341 341.30518 296.78937 331.6562 331.68726 373.14758 373.11652 हुई
18.428215 118.69404 118.647606 18.38178 305.32703 305.3927 376.30286 376.23718 स्तर
