430.53793 456.2189 457.39438 431.7134 266.46274 264.00748 276.30228 278.75754 एक
4.9388294 41.73905 41.79754 4.9973164 6.719049 6.6240463 29.27923 29.374233 पर
4.367401 82.67933 84.23265 5.920723 161.11613 157.92607 196.05821 199.24828 कर
379.7602 451.52747 454.80078 383.0335 71.33577 57.576813 74.650696 88.40965 और
479.0101 552.0565 554.3639 481.31747 58.47352 43.945488 55.5466 70.07463 रात
379.68912 447.5093 450.27805 382.45786 96.30212 84.353874 100.06954 112.017784 टेक
474.92117 544.78687 546.9043 477.03867 84.2866 71.47979 83.03159 95.8384 कर
380.3919 487.0926 489.836 383.1353 120.2886 102.0493 118.09844 136.33774 करती
131.72754 164.63922 169.03915 136.12747 125.69531 116.5515 132.3883 141.53212 रह
178.66736 211.67114 212.04572 179.04193 15.179551 14.599045 35.894554 36.47506 तब
405.4721 518.4913 522.8378 409.81866 131.60233 115.7594 146.7667 162.60962 ओर
