208.23651 364.1679 363.87177 207.94035 223.08554 223.50327 334.0651 333.64737 अपनी
403.60208 530.7417 536.53796 409.3984 62.174797 38.63685 69.94543 93.483376 उसी
405.23358 546.4783 551.4405 410.1958 104.84137 82.64395 114.21916 136.41658 बीच
4.440668 39.538254 39.5663 4.4687176 13.884693 13.811308 27.2262 27.299585 तथा
7.6716003 79.346664 80.852745 9.177681 162.2005 159.2757 196.1835 199.1083 किस
180.58223 209.66884 209.95955 180.87294 11.784704 11.366285 31.575426 31.993845 भर
69.08017 156.54715 156.423 68.956024 221.84155 221.99554 292.49475 292.34076 अपने
78.305374 184.16425 184.13701 78.27813 334.5554 334.6127 384.95126 384.89395 समाज
33.013706 68.98094 69.69829 33.731052 140.59015 139.16574 157.2793 158.7037 रमा
389.67722 437.59677 436.6337 388.71414 321.16956 322.04407 374.81738 373.94287 उसे
