177.54054 209.56435 209.92384 177.90004 11.784191 11.272175 33.75575 34.267765 हम
137.8656 197.5279 197.45905 137.79675 267.3057 267.3939 313.9589 313.8707 एक
215.8711 304.47925 304.41553 215.80737 267.4689 267.60617 308.746 308.60873 नकाब
144.5145 204.78455 204.76141 144.49136 341.99503 342.02603 386.97714 386.94614 हाथ
9.386414 42.69088 42.73178 9.427315 10.817243 10.739443 28.247799 28.325598 यह
26.613464 65.8456 65.800186 26.568058 268.47113 268.539 294.79645 294.72858 अब
32.21237 72.31444 72.286514 32.18445 316.6686 316.71304 341.91513 341.8707 तक
36.167297 113.543884 113.526184 36.149597 352.58258 352.6222 387.18213 387.14252 कमजोर
368.07657 473.86923 477.87582 372.08316 85.29948 66.215065 88.42533 107.50974 समय
201.92383 268.12427 268.09814 201.8977 336.28418 336.31866 386.50677 386.4723 उस
290.5274 360.65582 360.5481 290.41968 313.82846 313.9324 386.6205 386.51657 दिन
430.14206 456.1747 457.77756 431.7449 264.25238 261.7636 278.5293 281.01807 और
