7.2968864 68.76372 70.14116 8.67432 152.48769 150.01433 184.24583 186.7192 सदैव
71.89703 256.72034 256.59747 71.77417 226.19855 226.50409 300.83472 300.52917 बौखलाहट
281.7954 351.85217 351.73425 281.6775 226.75128 226.87402 294.2022 294.07947 और
82.217514 204.4918 204.45406 82.17976 315.9362 316.00436 383.7012 383.63303 हमदर्दी
224.33102 319.09613 319.05936 224.29427 316.14236 316.19205 386.282 386.23233 इतनी
411.04904 506.68765 511.43753 415.79892 59.135918 40.920982 65.86058 84.075516 और
546.31433 593.1133 596.47424 549.6753 40.930878 32.01776 49.664864 58.57798 न
412.32693 568.89905 573.4192 416.84708 97.43363 68.902885 93.70878 122.239525 आदमी
411.3479 544.4674 547.9478 414.8283 131.05424 111.80934 135.88399 155.12889 करती
135.72067 170.40475 174.80069 140.11661 125.43941 115.78447 131.57631 141.23125 पड़
430.76633 456.28525 457.24808 431.72916 269.81766 267.37766 277.44754 279.88754 चय
397.6295 488.4316 491.4683 400.66617 88.38669 72.18773 89.20953 105.40849 कटाई
364.8819 468.10156 467.9718 364.75214 304.5285 304.69434 385.4663 385.30048 बहुत
