171.80357 198.99138 199.13222 171.94441 10.643974 10.384087 25.11737 25.377258 नाम
160.44406 297.5128 297.42416 160.35544 243.08322 243.17526 375.1506 375.05856 ओर
24.805084 71.38807 72.827805 26.24482 156.63542 154.74779 190.27736 192.165 हुए
131.95622 168.49043 172.66365 136.12944 124.77617 114.64563 129.69572 139.82626 यह
79.03915 120.25799 120.20129 78.982445 266.62314 266.69095 301.15237 301.08456 फिर
85.23822 145.36533 145.3399 85.21279 321.0252 321.08948 344.87445 344.81018 उठकर
88.95834 117.25931 120.921326 92.62036 353.6722 350.80374 386.93405 389.80252 बैठ
3.8276443 43.53583 43.5738 3.865612 5.695157 5.6218624 26.190617 26.26391 पर
302.99805 350.9579 350.89 302.93018 239.151 239.21747 288.19153 288.12506 बनी
303.48325 339.3857 339.60995 303.7075 316.52448 316.3958 378.98016 379.10883 हुई
