427.98215 456.19687 457.58603 429.3713 265.58273 262.88528 277.41568 280.11313 कुछ
95.98346 179.1308 179.01437 95.867035 234.04895 234.17542 310.70667 310.5802 और
106.41629 175.15765 175.13467 106.39331 342.215 342.2501 387.2136 387.1785 एक
192.84137 338.49274 338.45673 192.80536 319.84003 319.9242 382.26343 382.17926 मिसवाक
28.380156 78.92956 80.037674 29.488272 165.01312 162.93954 189.95322 192.0268 यह
430.02408 518.2124 521.79553 433.60715 90.55863 75.50387 96.492836 111.5476 पर
339.51755 397.97025 397.84286 339.39017 251.45291 251.58786 306.7806 306.64566 रहा
339.74176 409.68988 409.5926 339.64447 316.84418 316.94507 384.38092 384.28003 फिर
6.3899 42.58732 43.54457 7.3471527 140.43988 139.00891 163.22336 164.65433 पर
423.3587 512.1248 514.46423 425.69812 57.570896 39.232178 50.55589 68.89461 कमला
423.7805 460.7034 462.77835 425.85544 74.00946 67.04492 78.04526 85.009796 पर
263.98126 332.0904 331.99738 263.88824 250.42975 250.53192 312.54968 312.4475 रथ
169.11334 204.7901 204.9859 169.30914 4.9193873 4.57835 25.061413 25.40245 कर
