169.49866 204.3937 204.60577 169.71072 6.067378 5.7056847 26.165283 26.526978 तक
127.82413 180.96494 180.88098 127.740166 217.92899 218.04868 255.32614 255.20645 सब
134.23285 184.74265 184.6962 134.1864 288.0713 288.14062 321.96252 321.8932 एक
198.62576 262.2621 262.21262 198.57631 286.81604 286.90228 323.3993 323.31305 साथ
138.72728 202.13283 202.10735 138.7018 337.2624 337.29456 387.47894 387.44678 उठते
322.46643 345.95233 345.97272 322.48682 331.16046 331.143 358.56305 358.5805 रह
360.6484 410.57217 410.52213 360.59836 319.2757 319.3462 354.77698 354.70648 सकते
376.21732 464.44968 467.8126 379.58023 117.57358 103.56253 124.74008 138.75113 कर
8.50864 40.8953 40.952396 8.565735 12.863808 12.764278 31.342773 31.442303 पर
43.954582 121.82165 121.74357 43.876503 248.49936 248.63565 293.25412 293.11783 परिवर्तन
135.16406 173.27225 177.23126 139.12308 125.59435 114.98624 129.20844 139.81654 कर
