258.0171 290.25854 290.07715 257.8357 254.2851 254.58173 274.29956 274.00293 पर
206.10147 254.83215 254.8884 206.15771 5.3512053 5.236578 29.151793 29.26642 हित
259.17642 304.76382 304.8019 259.2145 11.300419 11.197416 28.048439 28.151442 कर
214.72197 293.73322 293.7873 214.77602 38.388306 38.134995 54.995407 55.24872 सकता
227.96078 343.22534 320.67093 205.40639 407.82245 465.86145 510.6541 452.6151 लगे
327.17822 373.92828 373.9613 327.21124 289.99554 289.90668 307.273 307.36188 कर
270.6158 339.98117 340.49265 271.1273 99.82598 98.94121 139.04291 139.92769 इस
287.71463 386.29727 374.75748 276.17484 391.5948 438.1103 462.56714 416.05164 करने
288.2041 326.81305 326.8495 288.24054 289.2837 289.20935 308.12445 308.1988 हुआ
70.19687 108.90007 101.93552 63.23232 112.4857 128.13734 145.35918 129.70753 रूप
175.15384 288.43152 276.6237 163.34602 370.05872 425.15668 449.43274 394.33478 भारत
146.12581 181.85664 165.5579 129.82707 274.58325 297.34106 322.93085 300.17303 और
