161.56203 271.023 252.12022 142.65923 363.86673 418.01688 456.2277 402.07755 और
290.19876 325.86685 325.90634 290.23825 289.27988 289.21115 309.70462 309.77335 और
196.38293 236.456 236.55469 196.48163 21.716774 21.557838 46.441597 46.600533 रह
243.1575 317.54062 317.64047 243.25735 14.689328 14.421894 42.188473 42.455906 सकते
81.42326 158.54619 170.46803 93.34511 284.39844 231.95679 249.48956 301.9312 इसका
105.220825 169.07515 147.80281 83.94849 50.7144 97.37625 126.48634 79.82449 तरह
184.65964 271.80905 257.15997 170.01056 325.18866 365.93103 397.26593 356.52356 तरह
117.754395 166.07053 178.64783 130.3317 230.21674 197.34634 215.83371 248.7041 हम
152.82126 185.71146 173.98181 141.09161 277.43115 298.34454 316.79156 295.87817 सर
156.03079 188.3664 171.69589 139.36029 50.095078 73.74539 96.53795 72.887634 उसे
330.29614 376.91864 376.94275 330.32025 293.13873 293.0551 306.47858 306.5622 तरफ
277.21973 346.72748 347.08643 277.57867 99.76661 98.943726 129.2644 130.08728 तक
