4.7397823 58.15655 66.17283 12.756062 110.53705 90.06372 110.97891 131.45224 कर
1.0837822 69.96161 81.23233 12.354504 148.71762 123.456726 154.18811 179.449 लिए
71.66273 244.14825 244.86072 72.37519 230.90907 229.68365 329.96783 331.19324 शहर
531.4794 584.2516 544.27124 491.49905 16.623207 43.206635 122.57377 95.99034 काम
286.5162 313.1522 303.99112 277.35513 143.16895 161.52625 174.81876 156.46146 इस
7.669548 28.78278 28.951382 7.83815 56.262753 56.07531 75.06596 75.25341 रह
248.85922 438.52823 439.1436 249.47458 197.87157 196.79434 305.14014 306.21735 रघुबर
244.22223 385.56873 385.61884 244.27234 326.93512 326.86578 428.99872 429.06805 सती
49.15471 100.62793 109.68875 58.21553 102.11453 82.810745 106.97125 126.27504 और
78.89392 186.01486 186.15369 79.032745 374.61426 374.31323 423.71765 424.01868 देखकर
