300.17627 342.6438 342.66962 300.2021 289.26062 289.17883 302.57788 302.65967 गहरा
111.380325 154.0544 134.10081 91.42674 49.626236 80.815384 108.11658 76.92743 कोई
129.02837 134.17168 122.16792 117.02461 339.51178 344.77014 356.5113 351.25293 पर
258.21234 325.5078 313.42224 246.12677 374.03528 405.7232 431.38928 399.70135 चुप
240.61856 300.95282 285.91037 225.57613 402.61505 432.19684 462.877 433.29523 गई
214.38962 309.7406 300.52908 205.1781 448.57544 497.19812 515.26227 466.6396 तरफ
249.8699 289.27924 289.0881 249.67876 253.15399 253.5166 274.29047 273.92786 कर
198.82022 248.79074 238.73242 188.7619 355.43463 379.0564 400.33423 376.71246 और
182.77376 231.94588 221.66273 172.49062 382.6147 406.64215 427.68658 403.65912 और
81.64242 154.04651 170.46469 98.06059 275.40936 226.44928 250.72913 299.6892 बार
72.74668 119.02508 116.77979 70.501396 333.4094 338.26547 359.66287 354.8068 इसी
