151.92497 199.60262 201.71419 154.03654 123.926445 120.127426 146.6276 150.42662 पर
310.6309 348.45486 342.02817 304.2042 16.594284 21.621262 69.977234 64.95026 दिन
494.2737 543.51416 546.04846 496.808 15.839142 5.128334 16.779087 27.489895 बहुत
494.84238 531.1852 533.2903 496.94748 34.92676 27.2854 37.297215 44.938576 यह
495.15933 558.4971 560.4778 497.14005 53.542366 40.44188 50.01808 63.11857 अपना
494.0784 539.2285 542.40967 497.25955 67.60266 58.843536 75.24144 84.000565 कोई
495.7104 560.91364 562.6412 497.43793 91.94157 79.49926 88.552086 100.99439 उसका
413.365 475.04486 475.58368 413.9038 165.995 165.15125 204.53763 205.38138 चले
371.25873 414.36194 414.4856 371.3824 4.360242 4.050453 21.253262 21.563051 कह
193.35202 214.7586 215.60547 194.19888 132.32777 130.61714 141.2145 142.92513 हम
166.26355 185.22955 136.91882 117.95282 36.072067 63.61505 96.88167 69.338684 गये
