186.82451 246.31602 246.5757 187.08418 9.45099 9.058083 48.378147 48.771053 रुप
306.47958 343.21164 337.67148 300.93942 24.532822 30.275394 65.71271 59.970135 लगी
351.65732 374.33182 370.93594 348.26144 43.80513 47.02899 70.91319 67.68933 सर
527.1263 588.41656 592.29987 531.0096 16.019915 3.0475922 21.395113 34.367435 और
526.659 584.68695 586.7087 528.6807 41.98317 29.860794 39.538284 51.66066 पता
525.5653 595.2805 598.46655 528.75134 56.08972 42.40573 58.63762 72.32161 पहले
199.33717 226.2744 226.23155 199.29433 397.7978 397.86865 414.15472 414.08386 बन
317.60788 372.22934 371.0549 316.43344 94.59309 97.27743 121.175285 118.490944 दस
239.9024 275.8943 276.04327 240.05139 6.6206384 6.3796673 28.629362 28.870333 रात
484.0111 582.276 585.50745 487.24255 86.14209 67.06111 83.70271 102.78369 आपको
82.35465 134.26266 124.888054 72.980034 25.651917 59.46486 73.85634 40.043396 मकान
208.81113 240.00192 239.98141 208.79062 419.83246 419.8698 436.97467 436.93732 गया
140.90942 188.74738 175.1622 127.32426 47.332283 78.741005 99.432274 68.02355 करने
