538.8613 591.9734 592.01416 538.9021 419.71024 419.58066 436.2908 436.42038 पता
496.9204 571.7335 578.0023 503.1892 41.56664 26.754578 58.41747 73.22953 हुए
313.9563 366.50012 358.8869 306.34308 18.65361 26.86293 75.59122 67.3819 घर
204.88882 244.38922 244.34012 204.83972 397.81802 397.91013 418.96207 418.86996 आप
565.9559 598.6602 598.7508 566.04645 406.67554 406.44928 419.53375 419.76 पर
505.99097 584.60205 588.5515 509.94043 75.237366 60.46486 81.48157 96.254074 नन
333.80704 351.74808 349.61392 331.67288 3.2321987 6.050064 19.638155 16.82029 सब
166.5334 203.93712 205.54674 168.14302 132.33942 129.35202 149.5054 152.4928 पर
212.90294 247.04439 247.02644 212.885 421.74664 421.77734 441.7057 441.675 रहा
509.7668 592.77576 595.95215 512.94324 22.922062 4.8059425 19.360394 37.476513 चन्दर
123.600784 181.72775 165.54619 107.41923 34.119987 72.29911 96.93522 58.756096 मगर
