136.02817 183.83652 196.33981 148.53146 164.87875 137.85117 159.96793 186.99551 तक
493.89786 525.5043 528.3546 496.74826 145.85207 141.4073 161.67638 166.12114 पर
5.4383545 156.258 164.05826 13.238617 30.879698 17.30317 103.955154 117.531685 भर
346.28003 404.95496 405.14832 346.4734 15.461295 15.131607 49.54107 49.870758 यह
536.7435 587.817 590.89966 539.8262 21.680164 17.118816 51.635647 56.196995 और
195.91971 274.44473 280.25464 201.72961 43.00561 29.873947 64.61624 77.74791 यह
441.36273 524.5861 524.9938 441.7704 19.03846 18.353905 67.91738 68.60194 और
542.21014 594.8829 596.3858 543.7131 59.36008 54.745758 71.901596 76.515915 समय
541.46106 578.8838 581.4033 543.9806 83.271706 80.1063 109.89379 113.0592 कई
558.63086 595.4873 597.3992 560.5427 117.71409 114.68567 137.95303 140.98145 वह
