189.26988 247.14677 247.4369 189.56001 5.721014 5.3308907 48.373695 48.76382 तुम
405.138 469.5329 470.1001 405.7052 175.29596 174.36975 213.80527 214.73148 पर
140.61145 193.16629 171.90332 119.34847 36.081055 70.667946 102.97708 68.39019 यह
323.1346 373.5095 372.46432 322.08945 87.26152 89.65198 111.67723 109.28677 वह
486.1058 548.6376 552.30334 489.77158 16.256132 2.7643433 19.754545 33.246334 चले
234.04938 269.07645 269.19522 234.16815 14.089541 13.864563 32.356037 32.581017 साफ
516.1494 594.1748 596.7224 518.697 30.292204 13.545631 25.415224 42.161797 हजार
516.3722 567.34106 569.713 518.74414 49.66677 39.39263 51.159416 61.433556 हरा
516.59094 567.3926 569.66943 518.8678 69.237915 59.40741 71.1738 81.0043 रहा
516.2858 580.165 582.8636 518.98444 84.917755 73.04199 87.5578 99.43356 जीत
