314.7792 370.6555 369.61996 313.74368 84.96641 87.59428 109.61303 106.98516 खून
310.99597 356.6524 349.92358 304.26715 13.57272 20.7132 63.737476 56.596996 रहा
481.0814 506.3727 508.94992 483.6586 65.01827 60.02112 73.06487 78.06203 से
523.709 588.79224 591.0747 525.99146 59.777225 46.64042 57.948574 71.08538 दमक
482.03552 528.6593 530.4553 483.83154 87.72983 78.891266 88.36546 97.204025 उठा
547.18933 595.9783 598.5394 549.7505 71.73122 62.493134 76.01909 85.25717 और
419.31613 467.46634 467.85233 419.70212 161.98174 161.33757 190.18996 190.83412 यह
194.85413 250.09949 250.24173 194.99637 22.96625 22.628887 45.92122 46.25858 लिए
492.08084 557.303 561.07153 495.8494 17.824747 3.8466911 21.43099 35.409046 एक
491.39108 565.42944 570.1033 496.0649 39.113697 24.06955 47.07143 62.115578 ऐसा
