530.7305 596.48956 599.5966 533.8376 66.500694 60.87829 97.2174 102.839806 कमी
404.87946 466.8576 467.1396 405.16144 20.940022 20.49944 60.165752 60.606335 किन
192.52872 253.54822 257.50894 196.48944 41.561382 31.553703 55.703312 65.71099 हम
103.24571 152.25569 153.97176 104.96178 31.102743 26.66473 45.615623 50.05364 करके
561.11383 596.5483 598.04205 562.6076 113.26271 110.32324 128.33095 131.27042 यह
285.6355 379.1986 379.3225 285.7594 8.956713 8.570423 38.57888 38.965168 रोजगार
181.65659 228.35217 231.39719 184.7016 21.458462 14.111641 33.465412 40.812233 यह
38.974705 98.83592 100.70354 40.84232 13.594234 8.256046 29.199093 34.53728 पतन
118.82097 154.41295 156.27177 120.679794 6.473859 3.2999039 24.14423 27.318186 पर
38.78916 83.55538 85.67215 40.90593 54.705025 50.604347 73.71264 77.81332 रहा
39.09803 89.02833 92.04902 42.11872 84.890854 80.22807 112.57445 117.23723 और
545.2747 596.43036 598.29987 547.1442 15.510267 10.859386 31.42185 36.07273 नई
453.14877 508.95914 508.99246 453.1821 6.179011 6.066454 22.576077 22.688633 अपना
