365.7837 405.4364 405.53992 365.8872 20.266834 20.08244 42.344913 42.52931 पर
425.4712 502.44342 502.54614 425.5739 20.167223 19.80928 41.893806 42.251747 स्वस्थ
133.34558 175.97418 186.68768 144.05908 165.00223 140.9161 159.87732 183.96344 उसके
29.394253 140.92586 146.8415 35.309902 36.782036 26.689125 92.0599 102.15281 लिए
284.76184 342.91235 343.02124 284.87073 10.833359 10.600494 37.798477 38.03134 कर
191.39584 277.6093 280.6308 194.41733 49.669804 35.487427 53.85478 68.037155 मगर
478.28937 520.22955 520.38654 478.44635 52.782616 52.42202 70.67753 71.038124 अत
488.35095 524.13873 527.14417 491.35638 144.45496 139.41559 160.75919 165.79855 पर
534.81226 596.08044 598.52234 537.25415 17.082129 11.5479965 38.581436 44.11557 छत
534.01953 586.48535 590.21704 537.7512 62.127632 57.656578 101.44671 105.91776 गई
