359.72437 391.6364 396.1563 364.24426 342.90402 340.38382 397.61612 400.13632 कई
390.34735 430.44562 430.36188 390.2636 10.7606735 10.879593 39.114532 38.995613 पड़
307.67453 364.61618 362.52042 305.57877 322.41245 326.62717 354.94168 350.72696 कर
451.22302 477.85883 474.15424 447.51843 199.27132 202.12053 236.7531 233.90388 यह
444.79443 472.93982 469.37012 441.22473 259.36942 262.3801 295.7513 292.74063 रहा
489.7066 532.0376 526.07733 483.74634 244.24438 249.47101 297.7442 292.51758 गौहर
540.2847 587.7281 587.8868 540.4434 261.9682 261.71936 291.97156 292.2204 महल
531.478 566.30493 566.3855 531.5586 410.4605 410.36487 439.6991 439.79474 रक्त
468.67188 544.50323 544.7141 468.88275 312.18433 311.87927 364.29608 364.60114 बंधकर
466.7586 513.5587 506.72937 459.92926 382.14316 387.8101 444.20987 438.54294 रहने
