434.04056 477.68985 472.29105 428.64175 338.72916 343.35916 394.25607 389.62607 यह
455.7599 493.96826 494.14032 455.93195 188.23448 187.98338 214.16533 214.41643 तरफ
499.70966 547.7978 547.99615 499.90802 187.91826 187.60573 218.12975 218.44228 इशारा
558.1536 582.5988 578.2153 553.7701 183.7879 187.36154 217.34708 213.77344 कर
451.3157 498.2477 498.39682 451.4648 229.90115 229.62521 254.99039 255.26633 बराबर
448.66382 494.34546 494.51062 448.82898 261.9401 261.7012 293.27524 293.51413 अजीब
441.89514 496.9583 497.1344 442.07123 301.3488 301.10526 340.9238 341.16733 मुसीबत
335.06247 384.92245 397.38785 347.52786 372.4491 354.951 390.47052 407.96863 एक
505.72668 556.45105 556.61414 505.88977 291.01428 290.7771 325.65997 325.89716 पास
504.44116 528.9109 521.26074 496.79105 336.7245 339.9986 397.17334 393.89923 रहे
311.44528 359.86758 358.08914 309.66684 327.00208 330.58612 354.61365 351.0296 तथा
