552.5254 593.21826 595.4324 554.7395 30.073269 26.439014 51.230854 54.86511 यह
7.854477 136.9107 143.34572 14.28949 48.834614 37.079002 107.724335 119.47994 कुछ
434.95908 471.3433 471.37796 434.99374 12.612182 12.520721 26.310642 26.402103 सब
436.97064 483.0219 483.10443 437.05316 38.34087 38.06496 51.84067 52.11658 साथ
438.47763 487.79715 487.98825 438.66873 57.615902 57.149033 77.33533 77.8022 उठते
132.92644 174.49364 184.01631 142.44911 166.62726 143.14407 160.0 183.48318 अगर
531.9244 594.3431 596.111 533.6923 65.41211 59.98712 80.329025 85.75401 आया
188.5738 234.84294 237.25179 190.98265 18.427055 11.215805 26.67155 33.8828 यह
84.38248 147.85541 151.84917 88.376236 7.744059 2.090557 46.929264 52.582767 चैन
314.13565 420.53348 420.73447 314.33664 7.0830593 6.538067 45.772003 46.316998 करना
547.85706 595.44385 597.3451 549.7583 85.506645 81.46311 103.837746 107.88128 जब
193.20718 275.7986 280.77597 198.18454 44.425644 30.69587 60.63713 74.366905 यह
470.6434 529.5292 529.5895 470.70377 4.3523273 4.196987 27.0717 27.22704 जान
