538.6875 581.79395 584.39905 541.2926 24.586266 20.727997 49.8339 53.69217 गई
539.8732 587.26996 588.94037 541.54364 67.535255 63.42257 82.67295 86.78564 जब
135.60922 183.36926 194.08469 146.32465 166.5036 139.51071 158.47012 185.46301 उसकी
192.6412 273.5625 277.7325 196.81122 48.47946 35.047386 60.169632 73.60171 तरह
494.76776 527.32904 529.58246 497.02118 144.64124 140.05753 156.065 160.64871 तरह
42.280647 126.622246 130.10724 45.765633 48.727325 41.029633 79.21365 86.91135 ऊपर
435.49988 519.18536 519.8376 436.1521 7.0947237 6.3128967 76.12651 76.90834 रहे
547.9509 595.45374 598.459 550.9562 92.94051 88.9875 125.10177 129.05478 वह
495.7636 527.1751 528.67816 497.26666 164.08997 159.66391 170.33112 174.75717 साल
24.148827 105.27708 108.04691 26.918663 100.14461 92.502075 121.90495 129.54749 परवा
