513.4622 538.11505 533.2491 508.59625 245.60449 248.87329 285.5719 282.3031 उस
545.09064 565.4692 560.20746 539.8289 245.76169 248.70975 285.082 282.13394 पर
505.75366 531.2361 526.551 501.0686 303.74188 307.12067 342.45428 339.0755 एक
72.36108 130.01581 125.272316 67.61759 316.45105 331.0885 349.7724 335.13495 एक
373.00934 416.7591 416.7057 372.95593 10.763027 10.870178 32.675045 32.567894 कर
471.01422 546.1617 546.25543 471.10797 397.4508 397.23132 429.32147 429.54095 अवश्य
551.173 598.07837 598.1771 551.2717 398.43634 398.30225 432.82245 432.95654 कह
437.2866 467.05124 467.18192 437.41727 277.7478 277.59717 303.4112 303.56183 तरह
481.28522 508.6128 504.38196 477.05438 264.4084 267.72028 302.6305 299.3186 चली
436.66248 454.6043 450.48883 432.547 310.68713 312.58783 351.43726 349.53656 गई
