471.98694 521.82404 522.03345 472.19635 21.736048 21.418896 54.330353 54.647503 मर्द
488.52203 526.4886 530.24664 492.2801 145.51949 140.17097 166.84773 172.19624 हुए
533.4422 597.5256 599.64655 535.5632 31.77444 26.045475 49.770412 55.49938 साथ
190.26428 261.9166 267.7436 196.09128 44.892296 32.89219 67.68498 79.68509 फिर
5.565872 137.63707 146.36273 14.291534 19.791529 7.988899 105.62884 117.431465 और
359.80774 437.14716 437.31476 359.97534 8.016437 7.649105 42.931896 43.29923 बाल
545.16223 597.57385 600.0299 547.6183 76.04916 71.581795 100.39619 104.86355 यह
132.50723 179.27219 190.58612 143.82117 168.25247 141.81836 161.83401 188.26813 उस
38.48887 91.8025 94.976036 41.662407 107.97607 102.924866 136.42044 141.47165 रही
435.10757 470.38718 470.55344 435.27383 27.320944 27.100807 53.74395 53.96409 धरे
