206.74023 264.64676 269.1625 211.25598 50.181988 40.48397 67.44734 77.14536 रह
389.4138 458.54916 458.65536 389.52 14.492076 14.198055 39.167225 39.461246 शायर
497.8751 528.2506 529.7528 499.3773 150.73465 146.45831 157.12872 161.40506 सका
6.3608627 136.58807 143.49036 13.263145 17.709082 6.08667 83.42564 95.04805 थर
536.6564 595.34863 598.45996 539.7677 14.05003 8.771614 43.366966 48.645382 और
536.01276 577.0424 578.8686 537.8389 79.04907 75.53377 96.84813 100.363434 पर
440.8977 526.43646 526.64215 441.1034 38.324657 37.663513 64.27693 64.93808 लगभग
137.64989 177.17668 187.89903 148.37224 172.2974 149.94244 168.90115 191.2561 एक
317.0414 374.50644 374.5765 317.11148 5.2146583 5.048786 29.333838 29.49971 कर
548.1912 596.5329 599.3392 550.9975 101.47678 97.47934 131.41583 135.41327 रही
