430.92813 521.7339 521.8341 431.02835 7.094286 6.764492 34.358093 34.687885 इसका
434.66876 492.11743 492.35822 434.90955 54.88631 54.328224 79.11528 79.67336 एक
219.8477 274.39825 278.3993 223.84877 48.077637 38.982254 62.97912 72.0745 भूत
540.13525 592.5204 595.79785 543.4127 19.179104 14.500603 51.198185 55.876686 गई
541.8043 597.97034 599.8938 543.7278 76.36411 71.54705 93.97378 98.79084 जब
14.001747 129.72931 134.23874 18.511177 52.319866 41.750755 91.12726 101.69637 साथ
345.00244 389.9779 390.12335 345.1479 28.674992 28.404415 52.58256 52.853138 यह
407.6989 433.0124 433.13208 407.8186 28.500248 28.357388 49.567593 49.710453 न
280.34216 343.9084 344.0324 280.4662 7.079813 6.825264 37.794426 38.048977 रहा
557.829 588.0126 589.5995 559.4159 109.281364 106.76958 125.83903 128.35081 वह
