60.83957 128.63885 131.2824 63.48311 41.99238 35.824677 64.88415 71.05185 बात
207.63168 273.43533 276.25546 210.45181 41.15136 30.440483 47.766357 58.477234 चाय
458.96585 496.6644 496.74423 459.0457 12.596583 12.459667 34.449215 34.586132 कर
506.6959 522.06104 524.29016 508.92502 6.190815 5.022869 34.34918 35.517124 ई
461.59476 515.02576 515.2837 461.8527 46.478058 45.99214 74.35327 74.83919 कचरे
537.6048 581.3283 583.39154 539.668 14.483493 10.509872 33.212185 37.185806 पर
538.2463 593.34845 596.32404 541.22186 52.729084 47.94877 82.24745 87.02776 और
14.096043 106.30176 109.642975 17.437267 99.05026 90.375305 125.888916 134.56387 तरह
281.15503 384.12677 384.26624 281.2945 5.2022877 4.777153 38.558464 38.9836 उसकी
408.31436 457.66824 457.7853 408.43143 13.552307 13.336281 40.0869 40.302925 उम्र
8.850372 75.44415 77.57826 10.984482 13.667886 7.739567 31.712387 37.640705 अगर
95.65146 145.13623 147.43677 97.951996 5.940672 1.5354328 27.377722 31.78296 यह
5.235342 68.07334 70.29369 7.455694 61.629684 55.859344 80.03854 85.80888 जाए
