332.7424 429.08365 429.36826 333.027 10.814115 10.201023 54.920055 55.533146 सब
532.8867 586.8031 589.7012 535.7848 49.115643 44.4153 77.6577 82.35805 और
204.49295 270.79294 274.82785 208.52786 53.50981 42.406105 66.49855 77.60226 पहले
107.033875 141.92271 143.99341 109.10457 26.746515 23.595512 46.522804 49.673805 अरे
138.90625 170.21207 181.52542 150.2196 167.42198 149.72139 169.73051 187.4311 पर
499.10202 522.3595 525.0641 501.8066 145.12018 141.84521 161.05206 164.32703 रही
183.74315 230.27135 232.95503 186.42683 10.654356 3.478424 20.879261 28.055193 चार
190.16638 241.19131 244.96533 193.9404 37.773033 29.470222 52.66349 60.9663 दिन
9.320934 94.12587 97.88472 13.079777 19.455954 11.877304 53.93873 61.51738 पक्ष
8.214901 93.456085 98.24614 13.004948 77.19184 69.2847 120.92269 128.82983 देश
288.45654 314.09918 314.14502 288.50238 18.333267 18.249695 32.31044 32.394012 पर
534.453 592.1013 595.23474 537.5864 7.71962 2.5042076 37.139374 42.354786 पर
103.1054 165.96725 170.31934 107.45748 58.289913 52.496338 99.71747 105.51105 देर
