135.60922 187.51367 199.42233 147.51788 166.50362 137.16039 158.2253 187.56853 लाल
192.30261 250.76794 255.54916 197.08383 40.606644 30.95996 59.937317 69.584 हर
433.74146 483.44867 483.6416 433.9344 9.853872 9.593086 46.36238 46.62317 हुए
540.46783 594.3073 596.9616 543.12213 39.794865 35.04872 65.15932 69.905464 घर
3.721222 86.945564 90.14517 6.92083 11.914054 4.516083 40.510437 47.90841 बन्द
2.211441 123.5943 128.17839 6.7955284 72.666306 61.442917 111.020584 122.24397 करके
181.32216 233.79836 236.80428 184.32808 13.589352 5.4365807 24.78447 32.93724 मर
466.21896 506.73587 506.9432 466.4263 48.283234 47.92984 71.70215 72.05554 वह
531.5122 596.505 598.8666 533.8738 79.36589 73.831894 101.56665 107.10065 सब
82.758026 153.1408 156.72852 86.34575 20.91008 14.586884 54.52146 60.844658 इस
493.89786 526.5195 529.2241 496.60254 145.85207 141.25853 160.4663 165.05983 हर
204.39243 239.80106 241.26175 205.85312 72.343315 66.38683 75.07006 81.02654 मगर
342.42297 425.90295 426.18732 342.70734 5.223407 4.723255 52.181686 52.68184 गयी
544.6852 583.4796 585.9387 547.1443 9.025167 5.4981155 32.545677 36.07273 हर
20.391726 56.110878 57.393738 21.674585 50.725082 47.465073 61.52108 64.78109 लोग
