533.16296 587.94934 589.68115 534.8948 82.49466 77.810425 98.06517 102.749405 समझ
77.64288 160.79413 164.49518 81.34393 58.615944 50.962364 91.17187 98.82545 गया
140.16212 170.57173 186.65443 156.24483 162.5484 145.34277 173.7677 190.97333 रहे
384.6803 468.17493 468.45764 384.963 5.237977 4.737732 51.92842 52.428665 और
195.58134 258.68512 260.88916 197.78539 48.010345 37.723312 51.243576 61.53061 चला
530.8824 596.44073 600.1574 534.59906 25.396648 19.59999 61.63506 67.43172 और
93.75459 150.93417 153.76933 96.58975 6.909292 1.8163376 33.647224 38.74018 वह
291.1511 350.31467 350.3561 291.19254 13.642994 13.479572 28.474148 28.63757 समाज
492.34387 527.10846 530.2641 495.4995 142.80493 137.90964 160.31982 165.21512 पर
476.40976 516.7328 516.9459 476.62296 53.70741 53.330704 76.153534 76.53024 नए
