33.37648 152.35054 158.49376 39.5197 45.500168 34.670013 102.155975 112.98613 तक
544.7322 589.213 592.0309 547.55005 16.403412 12.402283 43.72811 47.72924 और
544.55176 584.9226 587.04724 546.6764 66.03889 62.550133 87.13537 90.62412 इस
417.28238 523.58435 524.03125 417.72928 14.46704 13.592636 67.92529 68.7997 आती
191.03873 235.86105 238.50308 193.68076 37.042114 29.832825 46.25921 53.4685 जिन
197.41727 240.33194 242.26303 199.34836 63.971302 56.822395 68.41475 75.56365 पास
62.80059 124.28797 126.9683 65.48092 17.685179 12.179382 42.112595 47.61839 बाद
552.05115 595.46216 597.5055 554.0945 99.05801 95.426476 119.851845 123.483376 वह
312.47104 343.0931 343.1296 312.50754 11.196155 11.12146 26.074684 26.14938 बाद
314.39807 347.30267 347.4245 314.5199 34.92468 34.72018 54.326366 54.530865 फिर
355.03903 417.42642 417.54764 355.16025 34.778088 34.39036 53.890568 54.278294 लोभवश
567.85077 589.1352 590.3343 569.04987 136.11514 134.38483 149.13419 150.8645 इन
403.08255 443.08218 443.13547 403.13583 10.785894 10.670435 29.135946 29.251406 रूप
236.0392 278.33917 280.67523 238.37526 40.18239 33.29093 47.629623 54.52108 लगते
240.87839 275.77438 277.533 242.637 60.59051 54.75316 65.26619 71.10354 साथ
