535.48224 580.33795 582.6235 537.76776 39.202713 35.228592 61.02546 64.99958 यह
442.96667 481.84662 481.95447 443.07452 19.587027 19.404293 42.35472 42.537457 बढ़
445.1568 476.23743 476.45398 445.37335 47.66511 47.393257 72.150635 72.42249 रहे
190.26431 275.95517 281.44235 195.7515 44.89229 30.583542 63.444626 77.75337 पर
7.324997 97.75357 100.82231 10.393738 30.508284 22.369133 56.46383 64.60298 गरजती
7.9609756 54.36828 56.733383 10.326082 89.02108 84.68395 109.99064 114.32777 कब
65.68742 114.766525 117.12358 68.04448 83.62611 79.03928 104.259895 108.84672 थम
122.77629 164.10292 167.55766 126.23103 69.190865 65.35088 102.53167 106.37165 गई
536.4338 595.217 597.278 538.4948 16.523294 11.190502 33.90911 39.2419 अगर
535.7052 590.89014 592.9236 537.73865 67.65655 62.88662 86.412636 91.18256 तरह
294.2835 356.40997 356.68195 294.55548 12.328786 11.936512 55.011364 55.403637 कई
371.5977 434.14798 434.3696 371.8193 11.354982 10.998859 49.928047 50.284172 दफे
556.1845 591.2275 592.36725 557.3243 119.014915 116.11104 129.86554 132.76941 उस
