131.89227 177.68228 190.78546 144.99545 167.2102 141.32013 164.49481 190.38489 याद
536.9818 583.4308 586.26794 539.819 39.471554 35.382683 67.612656 71.70152 टूट
538.11285 592.1043 594.09625 540.1048 85.05077 80.462074 103.89977 108.48847 करा
490.0762 526.8999 529.9059 493.08218 148.5665 143.37973 164.7207 169.90747 पर
353.99387 369.9954 371.42673 355.4252 19.357115 18.080177 36.016525 37.293465 थे
381.36642 419.0494 419.0914 381.40842 24.870409 24.727943 35.83632 35.978786 उधर
428.91205 479.97516 480.03247 428.96936 24.761526 24.549438 38.345734 38.557823 सड़क
489.4911 513.5413 513.5827 489.53247 24.62279 24.53186 35.479057 35.569984 पर
9.002159 146.95355 154.35571 16.404335 25.522223 13.14502 95.64672 108.023926 कोई
538.02094 581.3282 582.91534 539.6081 10.760856 6.79249 24.1129 28.081266 बात
323.4485 355.14307 355.1753 323.4807 5.4035797 5.3428116 22.142948 22.203716 कर
374.35608 426.37073 426.399 374.38434 5.4198637 5.326601 21.086044 21.179306 सड़क
445.30484 472.04745 472.07913 445.33652 5.442558 5.391281 21.9188 21.970078 पर
490.62234 517.995 518.02454 490.65182 4.544261 4.49518 20.921753 20.970833 आ
326.1057 357.6895 357.79504 326.21124 38.239166 38.040527 54.818726 55.017365 कर
8.600739 90.76606 93.27132 11.105995 111.83084 104.04112 130.46637 138.25609 नकाब
