57.076508 152.44556 156.86234 61.493286 51.414135 42.68725 90.954636 99.681526 रहा
530.3124 595.4142 598.96643 533.8646 64.3597 58.810707 100.486824 106.03582 वह
190.26428 257.32916 262.1424 195.07751 44.892296 33.760246 62.75743 73.88948 और
28.751232 131.3965 134.77232 32.127056 10.692242 1.5618362 39.5133 48.643707 भोजन
538.70917 592.1474 594.3532 540.915 34.562557 29.80428 54.57639 59.334667 सब
493.55582 525.1989 528.3546 496.71155 143.72314 139.26706 161.67639 166.13248 पर
16.178455 83.441376 86.80406 19.541142 107.02332 100.66266 136.22244 142.5831 कर
539.67633 566.8577 568.4422 541.2608 11.06599 8.576256 25.874397 28.364132 और
574.7924 595.1309 596.12396 575.78546 13.281958 11.417185 22.248056 24.11283 वह
181.66663 233.63779 238.81818 186.84702 8.5918865 0.40221405 33.276665 41.46634 देर
