29.898258 124.38585 126.712494 32.224903 20.631374 12.17062 38.153984 46.61474 जलवायु
29.402782 122.59804 125.4438 32.248547 50.913322 42.402023 73.56197 82.07327 परिवर्तन
468.17465 514.1688 514.32434 468.33017 48.27249 47.89987 67.09693 67.46955 उस
195.12831 251.99516 256.39307 199.5262 33.236668 23.980434 50.999363 60.255596 वह
14.372589 103.211464 106.27541 17.436539 103.10763 94.72804 127.21151 135.5911 आदर्श
416.53897 460.12955 460.1561 416.56552 4.6957564 4.6219273 20.292574 20.366404 अगर
416.27066 446.18484 446.2762 416.36203 29.02921 28.873013 46.374973 46.53117 वह
418.1829 448.8729 449.00198 418.31198 53.3343 53.081093 68.72571 68.97892 उस
303.66705 367.04565 367.2444 303.86578 16.440624 16.076633 50.680996 51.044987 जल्
197.95691 265.25937 267.52072 200.21826 64.4782 53.223305 66.745735 78.00063 इन
495.28067 526.8848 529.7355 498.1313 147.83449 143.38939 163.65712 168.10222 एक
