407.4209 452.63574 452.69946 407.48462 5.245815 5.120922 28.191448 28.316341 एक
410.32986 469.9296 470.08817 410.48843 42.13828 41.692417 62.886417 63.33228 जगह
483.33905 509.3911 511.54913 485.49707 33.584965 31.595196 59.85007 61.83984 के
131.2493 188.26889 198.39496 141.37537 173.12938 140.8944 158.8061 191.04109 कहकर
22.550804 97.90651 100.53141 25.175705 34.175045 27.370163 56.43768 63.24256 रत्न
22.434162 131.47142 134.21358 25.17632 87.66845 77.478065 106.81922 117.009605 मानव
190.49062 271.93677 277.432 195.98586 45.84777 32.227608 65.088264 78.70843 रखी
532.7655 594.7095 597.9713 536.02734 24.177656 18.667507 55.337036 60.847187 कोई
533.6245 596.90955 599.58496 536.2999 63.051697 57.59616 88.63135 94.08688 कौन
344.48282 401.1815 401.38766 344.689 18.255085 17.915386 52.330265 52.669964 पर
179.72655 233.60518 236.48549 182.60686 19.771067 11.333984 29.727365 38.164448 उन
