79.586624 184.17262 177.03734 72.45134 284.07355 296.92816 354.98126 342.12665 और
537.938 586.5563 585.1754 536.5571 20.534138 22.928745 50.964886 48.57028 इस
32.982597 100.4691 93.77595 26.28944 206.52808 217.3762 259.01447 248.16634 एक
546.56055 578.6985 578.6743 546.5364 338.28867 338.32584 359.26132 359.22415 पर
271.34644 312.33008 308.6573 267.67365 315.18658 320.3673 349.42236 344.24164 धुन
118.368454 161.40445 157.13762 114.10162 241.92099 248.749 275.64224 268.81424 सेठ
397.90445 440.26382 445.28012 402.92075 255.91551 247.2435 271.74622 280.41824 उस
179.78853 235.74837 231.27843 175.31859 295.6253 302.7138 338.00146 330.91296 और
163.84816 211.5038 208.32344 160.6678 252.07742 259.6248 279.70633 272.15897 गला
558.696 581.2082 581.22675 558.71454 327.94736 327.8984 336.42355 336.4725 गया
