240.5516 337.59097 332.83902 235.79965 299.49756 311.815 349.252 336.93457 आधा
535.9948 585.5185 584.2596 534.7359 30.44757 32.835876 58.93982 56.551514 कर
32.34603 104.97488 98.91828 26.289436 210.39886 222.04602 259.81348 248.16632 क्षण
84.652405 139.8402 136.59337 81.40558 276.8819 284.01862 309.12616 301.98944 उस
95.39206 175.6748 172.55688 92.27415 319.61536 329.7995 354.3783 344.19415 समय
546.5561 586.586 586.5662 546.5363 342.06573 342.11194 359.2704 359.22418 बाद
535.0443 581.05835 580.28284 534.2688 13.384693 15.768776 30.736908 28.352825 उसका
105.82234 161.17679 156.58604 101.23159 235.0011 243.80975 272.65845 263.8498 एक
387.63367 430.94897 427.60522 384.28992 325.56763 331.09406 357.3017 351.77527 पंद्रह
395.06726 410.51624 439.8692 424.42023 251.9567 238.67307 272.8107 286.09433 भर
529.7622 543.136 544.6321 531.2583 229.12138 227.78218 242.72292 244.06212 हर
