174.98492 243.83823 240.23026 171.37695 289.4281 298.29034 326.3216 317.45935 अपने
251.19534 294.84656 292.33884 248.6876 308.7296 314.34235 333.84552 328.2328 सब
39.217712 113.81474 108.10295 33.505917 220.43298 232.33206 268.14014 256.24106 अब
536.21045 574.5978 573.7693 535.38196 11.650551 13.643394 29.601456 27.608612 कह
536.18646 581.6385 580.6269 535.17487 37.886024 40.063965 61.175056 58.997116 चली
110.267944 187.27058 183.70609 106.703445 314.29816 324.15277 352.00525 342.15063 आओ
114.8958 154.87498 151.52538 111.54619 243.33981 249.67523 270.81265 264.47723 नए
171.5034 211.04665 207.71529 168.17204 252.31027 258.57663 279.5988 273.33243 नए
401.85138 416.8025 442.5943 427.6432 256.78683 243.91672 273.87888 286.749 उसे
306.45822 336.0059 333.68008 304.13242 305.12234 308.98074 326.79178 322.93338 इस
312.87097 352.70752 350.99683 311.16028 338.11307 343.13638 356.7028 351.67947 समय
