11.1254425 142.03171 148.35721 17.450943 45.50425 33.6035 103.182945 115.083694 बाप
384.53275 431.66824 431.86777 384.73227 19.124825 18.842422 52.14765 52.430054 की
454.09616 516.2311 516.3943 454.25943 29.10431 28.708893 54.366234 54.76165 तरह
552.40765 597.3117 600.44415 555.5401 6.7355213 2.67548 37.32058 41.38062 कई
552.77795 597.3644 600.41736 555.83093 55.125732 51.27504 86.625 90.47569 दफे
553.85114 597.4256 599.69293 556.11847 111.4857 107.89693 135.42706 139.01584 इस
137.67662 176.22444 188.7285 150.18068 165.33801 143.54272 165.65778 187.45306 पर
190.038 270.20078 276.01923 195.85645 43.93682 30.531288 65.32454 78.73007 वह
301.8958 372.41895 372.55902 302.0359 32.35036 31.91032 54.355396 54.795437 उसका
291.4106 359.49905 359.57803 291.4896 4.26826 4.0632668 30.305569 30.510563 निकट
