73.14743 108.30823 105.2549 70.0941 238.89941 244.46393 263.75708 258.19257 पर
129.93304 180.95499 177.46277 126.44083 247.88623 255.96094 278.02734 269.95264 आए
278.53677 316.85336 314.41312 276.09653 301.2288 306.22818 324.93082 319.93143 तरह
25.713474 64.33659 60.50207 21.878956 231.19388 237.3071 261.53348 255.42026 भूत
118.09326 205.77554 200.06104 112.37875 295.08966 305.94598 352.09973 341.2434 कर
535.04 575.63654 574.5755 533.97894 17.380947 19.432453 40.42893 38.377422 यह
396.90646 415.42923 445.28012 426.75735 253.1567 237.16681 271.74628 287.73615 अब
30.513641 88.66409 85.55588 27.40543 209.1116 218.44244 237.81302 228.48218 करता
538.78644 557.27655 557.2651 538.77496 350.09122 350.11362 359.61728 359.59488 वह
563.3861 585.0051 584.9935 563.3745 350.08246 350.10864 359.65082 359.62463 कब
316.43967 357.35764 355.21616 314.2982 327.64847 332.8583 349.6774 344.46756 आम
364.4098 398.89905 395.8623 361.37305 327.3905 331.77728 355.6526 351.2658 तौर
406.2826 432.75818 430.65063 404.17505 340.14053 343.50803 360.07748 356.71 पर
