87.699356 177.67783 171.5558 81.577324 291.10388 302.19794 351.85065 340.7566 रुप
536.0079 588.3587 587.0579 534.7071 16.43306 19.051765 45.055733 42.437027 कहा
543.55994 580.7129 580.6887 543.53577 338.2791 338.32202 359.2636 359.2207 गये
26.482887 88.899734 83.00904 20.59219 213.43356 223.41937 260.23947 250.25366 इस
159.59232 209.54785 206.85934 156.90381 287.2086 293.69894 314.39212 307.90176 अपने
216.55536 246.50766 244.69873 214.74643 301.49356 305.38504 319.30826 315.41678 उन
169.83179 214.93683 213.0795 167.97446 328.06387 333.79263 348.41617 342.6874 प्रकट
220.09921 259.36334 256.64246 217.37833 327.03412 331.92914 353.75415 348.85913 और
265.35046 324.22107 322.3916 263.521 340.19574 347.6728 362.07715 354.6001 अप्रकट
275.97717 336.82886 334.195 273.34332 318.26807 326.22375 346.3697 338.414 मतलब
