441.72104 500.462 500.64163 441.90067 23.630142 23.270912 52.64592 53.00515 उत्तर
193.09369 266.97968 271.32928 197.4433 50.389816 38.070587 64.157936 76.477165 डार
-1.1305542 145.93713 153.98776 6.9200745 27.438896 14.235039 103.904854 117.10871 कोई
548.7171 591.3958 594.51605 551.83734 10.141521 6.2933617 40.898716 44.746876 धूम
545.76324 595.4399 598.2432 548.5666 49.919186 45.59198 77.77478 82.10199 लिए
546.7491 593.3724 595.49567 548.8724 101.851105 97.96391 123.43089 127.318085 मन
329.5474 413.5422 413.7239 329.7291 8.950015 8.530209 44.886616 45.306423 आप
24.527515 81.33331 83.72412 26.918316 102.14977 96.79163 122.13836 127.4965 बात
136.83896 177.4479 189.95636 149.34741 168.5878 145.62082 167.73758 190.70456 एक
187.6646 245.68526 248.76015 190.73949 27.468372 18.239468 37.570774 46.79968 नाम
548.77277 581.5535 582.4681 549.6873 86.55806 83.743744 94.396545 97.21086 समय
