39.65107 113.20315 108.12296 34.570885 225.06644 236.76672 268.70258 257.0023 भरपूर
126.74997 166.63428 163.12311 123.23879 238.92172 245.2663 267.33887 260.9943 वार
124.147064 205.62732 200.05847 118.57822 279.76254 290.08377 334.04684 323.72562 कौन
534.0682 581.8132 580.3891 532.6441 21.330376 23.669708 52.733574 50.39424 छूट
26.498161 74.37307 70.140755 22.265844 194.55136 202.29703 228.45639 220.71072 और
227.5817 291.16345 285.73947 222.1577 299.61157 307.6059 350.745 342.75067 हुए
299.6293 359.0458 354.7405 295.324 309.1722 316.72812 350.58328 343.02737 वह
162.09258 211.81749 207.57115 157.84624 249.83853 257.72305 284.50314 276.61862 मगर
357.61658 391.11603 388.52844 355.029 317.52164 321.8528 341.86667 337.5355 इस
396.56018 438.096 435.72485 394.18903 322.6853 328.0664 346.36877 340.98767 तरह
444.1303 480.77325 478.5202 441.87726 328.9928 333.7448 351.11823 346.3662 एक
526.07587 539.1457 539.8796 526.80975 275.16403 274.24557 284.6888 285.60727 पर
