553.13806 593.26904 595.03906 554.9081 62.492397 59.000954 79.34584 82.83729 रहा
436.5776 517.52075 517.8368 436.8937 20.88397 20.278442 62.529205 63.134735 गया
211.90056 257.91785 261.25018 215.23293 46.39308 38.800316 58.99666 66.589424 भद्र
136.42004 186.19952 195.72614 145.94666 170.21298 142.07489 158.92856 187.06665 तरफ
44.33703 144.02518 149.66602 49.977867 36.43711 27.410027 89.70313 98.73022 इसे
532.8989 593.2013 595.82104 535.5187 20.94812 15.530289 44.68965 50.107483 हक़
310.20764 395.2716 395.5573 310.49335 8.952966 8.422199 54.211906 54.742672 कह
13.855587 95.31732 98.95769 17.495953 10.009346 2.7728806 43.752903 50.98937 रहा
556.11456 591.415 592.6893 557.38885 86.764305 83.74859 98.66523 101.68095 एक
556.1454 588.26587 589.6732 557.55273 113.26384 110.59538 127.535736 130.2042 कर
186.75986 242.27191 246.12134 190.60928 23.64873 14.805141 38.968384 47.81197 वह
6.0028687 98.02125 102.05483 10.036453 105.94095 97.25038 139.95917 148.64973 अब
497.17654 526.6521 529.2068 499.73123 153.01205 148.85971 166.9942 171.14655 घर
