149.1136 203.98247 200.50047 145.6316 252.68857 261.3627 283.3884 274.71426 शरीर
178.06 245.0411 241.07727 174.09616 297.0782 305.589 336.7849 328.2741 ह्रदय
535.04224 587.55554 586.1117 533.5984 15.382305 17.995678 47.00822 44.394848 यह
533.8007 546.7519 547.741 534.78986 232.19232 231.16449 243.62769 244.65552 पर
53.919792 113.97334 107.95768 47.904125 221.78717 231.3721 269.0627 259.47778 आई
70.694565 128.91666 125.2372 67.01511 273.4768 280.98907 309.50598 301.9937 बकरी
81.44133 136.53967 133.10432 78.00598 315.6604 322.42548 350.4048 343.6397 उसमें
136.95782 192.53445 189.9342 134.35757 329.38052 336.20425 357.38235 350.55862 आकर
395.83044 410.75708 438.6917 423.76508 251.7876 238.95306 271.44122 284.27576 पर
234.29156 316.31866 309.7486 227.7215 298.66504 308.8742 361.6623 351.45312 वह
