534.0549 582.54144 581.37885 532.8923 32.354393 34.692688 58.800888 56.462593 एक
71.71697 120.2833 114.89068 66.32435 223.63843 231.39453 265.16144 257.40533 उठी
74.92445 198.17207 189.34276 66.09514 274.04163 289.09467 361.38507 346.33203 कोई
545.6011 585.53186 585.51636 545.5856 343.0236 343.06418 358.3138 358.27322 वह
144.39786 188.23456 183.66629 139.82959 243.10425 250.07172 278.81348 271.846 हुआ
233.12485 280.84525 277.20114 229.48074 318.46674 324.437 353.5642 347.59393 एक
395.40167 414.9441 445.2801 425.73767 253.47491 236.60483 271.74628 288.61636 कर
536.0126 576.4791 575.5017 535.03516 11.440281 13.526604 32.48441 30.398087 उठा
529.47644 550.95105 551.8585 530.3839 271.44876 269.9236 282.70163 284.22678 पता
560.45435 579.33215 579.3561 560.4783 325.0967 325.06876 341.17203 341.19998 इसे
26.976501 80.01387 76.429794 23.392422 204.56873 213.09927 235.38278 226.85223 कहा
275.3314 378.72604 374.2189 270.82425 304.78677 318.52646 352.44394 338.70425 परमपूज्य
387.27423 456.7221 453.83942 384.39154 319.6624 328.63416 350.94855 341.9768 थायस
