32.748886 94.04476 89.43269 28.136818 227.34402 237.07492 266.1268 256.3959 करने
537.9422 583.97406 582.29865 536.2668 14.538738 16.805939 50.823185 48.555984 चले
91.179565 160.7127 156.41582 86.88267 316.05923 324.52493 359.8176 351.3519 हुआ
98.4695 139.62837 135.19014 94.031265 234.81763 241.36343 269.2703 262.7245 कोई
89.67914 141.4838 138.6113 86.80665 289.83325 296.45502 318.92773 312.30597 साथ
145.38715 230.21738 226.28195 141.45172 289.55063 300.79623 330.48276 319.23715 मिलकर
144.99368 181.67062 179.40836 142.73141 258.91013 264.684 279.0544 273.28055 जमा
218.61133 326.3405 320.1469 212.41772 298.25385 311.68988 361.34967 347.91364 वैश्विकरण
403.36646 415.7365 440.23407 427.864 253.3268 242.67847 271.13702 281.78534 वह
546.6072 578.7438 578.72253 546.58594 337.3446 337.37726 358.3069 358.27423 पर
