91.97613 129.69995 131.34024 93.61642 42.178413 38.739937 56.735657 60.174133 तब
378.04407 424.5935 424.77222 378.22278 6.7185063 6.4939423 43.54346 43.768024 थी
444.7674 521.18304 521.37634 444.9607 15.911514 15.476448 49.432693 49.86776 इधर
207.63168 274.785 277.44446 210.29114 41.151367 30.23742 46.601013 57.51496 नाम
2.7272415 89.501884 92.08485 5.3102036 15.218081 7.488083 36.48366 44.21366 तरह
1.3426628 83.51189 87.382095 5.212864 54.89358 47.3824 89.720856 97.23204 देख
2.3071938 72.36493 75.17607 5.1183434 119.186844 112.51709 142.04485 148.7146 रहा
531.8628 594.32446 597.2134 534.7517 52.42249 46.993767 80.233215 85.661934 कर
182.79768 235.37285 238.68855 186.11339 13.36738 5.1733093 26.44763 34.6417 वह
84.071266 131.09824 133.63821 86.611244 80.28539 75.894875 103.10064 107.49116 वह
417.0327 464.3376 464.458 417.15314 53.70964 53.322876 68.04956 68.436325 यह
473.04944 522.5221 522.6416 473.16895 53.362896 52.958412 67.57385 67.97834 हम
552.2918 595.4621 597.24506 554.07477 99.049225 95.42647 116.67293 120.295685 मत
197.73076 248.16408 251.08427 200.65096 63.523216 55.05178 72.4367 80.908134 बाद
