549.5593 581.5405 581.52075 549.53955 342.08173 342.1187 359.2646 359.2276 वह
537.9442 582.2811 581.2549 536.91797 11.544548 13.824747 33.778297 31.498098 तक
98.77544 151.15991 146.25688 93.872406 232.89313 241.2341 272.0269 263.6859 फिर
394.37036 407.74707 433.6706 420.29388 252.06863 240.59927 270.83395 282.3033 रह
224.69894 277.5462 274.31885 221.47157 323.16586 329.75693 355.63394 349.04288 कर
535.9881 582.4014 581.38885 534.9755 37.47406 39.70044 60.809753 58.583374 कर
275.96323 320.63437 317.83115 273.16 311.33118 317.0622 338.9121 333.1811 आप
325.36407 362.46442 359.6834 322.58307 317.84464 322.60434 344.2814 339.5217 इस
367.33685 410.28137 407.51923 364.5747 323.37878 328.88824 350.4184 344.90894 तरह
46.172226 97.0643 89.92157 39.029495 210.6322 218.80319 263.29086 255.11987 गई
79.87219 192.89456 189.20691 76.18455 273.8449 288.951 316.54163 301.43555 औपनिवेशिक
92.035126 128.92778 125.815765 88.92311 322.03906 326.55457 351.9806 347.4651 युग
