534.06213 578.88794 577.52576 532.69995 26.337372 28.51065 56.606766 54.433487 यह
394.3005 412.29544 441.77792 423.783 252.12955 236.62173 270.8325 286.3403 बम
111.56302 243.30142 236.10086 104.36245 279.78665 296.14883 354.12338 337.7612 मण्डली
23.031384 65.80432 62.276936 19.504002 231.36548 238.13307 260.427 253.65941 पर
83.84334 192.24948 187.50017 79.09403 233.08432 250.31873 280.1923 262.9579 गर्मागरम
279.91083 344.8299 339.6256 274.70654 304.73203 312.93002 354.14224 345.94424 वह
553.1221 580.0669 580.07556 553.13074 330.75494 330.7412 347.82507 347.8388 डूब
525.9636 540.57056 541.3888 526.78186 274.01328 272.9832 284.58615 285.61624 यह
35.571312 60.569664 57.906 32.907646 195.22466 199.27101 215.72707 211.68071 और
30.537144 51.415115 49.40597 28.528002 218.45247 221.78392 234.37502 231.04356 यह
