8.210289 150.94586 160.18365 17.448067 15.533605 2.8117752 106.45714 119.17897 पर
346.5044 436.20947 436.32874 346.62366 18.252268 17.826202 42.936584 43.362648 आराम
132.08795 169.57803 180.29718 142.8071 169.87788 148.68645 167.64986 188.8413 तय
193.43333 255.84203 259.82648 197.4178 45.380417 35.083084 59.231567 69.5289 कर
550.74756 584.6406 586.54736 552.6543 41.103706 38.09784 59.597084 62.60295 बहू
537.0408 579.39185 581.4851 539.13403 78.94565 75.328354 99.83652 103.45381 वह
12.223942 51.33412 53.7169 14.606718 98.2059 94.528656 119.87126 123.54851 दिन
12.9141865 51.421074 53.086853 14.579966 133.97179 130.26991 147.59737 151.29924 तक
440.5393 495.7249 496.01178 440.82617 33.73508 33.28115 68.15578 68.6097 और
537.20306 593.18256 595.64655 539.66705 8.593357 3.4988747 30.574429 35.66891 घर
