140.13591 175.50209 185.02818 149.662 169.50597 149.51234 166.36278 186.3564 लग
7.576584 74.673805 78.325966 11.2287445 13.982229 8.008297 49.028152 55.002087 और
6.159527 86.28499 90.11955 9.994099 73.113945 65.7015 107.15157 114.56402 फौज
376.96317 441.21872 441.39926 377.1437 8.942786 8.621643 44.7483 45.069443 लिए
545.03156 595.5351 597.94403 547.4405 28.123127 23.610882 50.573 55.085247 उन
545.5833 592.40094 594.6528 547.83514 85.903336 81.94243 108.55925 112.52016 पर
69.86471 162.57095 165.56857 72.86234 37.144028 28.73262 61.770973 70.18238 साथ
90.393105 147.58063 150.0134 92.82586 73.61707 68.29853 94.45667 99.775215 तक
438.13803 517.5177 517.7676 438.38797 28.231672 27.64769 61.621796 62.20578 छत
190.49062 277.3647 282.18506 195.31096 45.847763 31.406052 60.402885 74.8446 इससे
