541.5033 592.12354 594.6489 544.0287 20.18218 15.629715 43.70971 48.262173 पर
161.59329 193.72714 200.86325 168.7294 161.56398 143.40022 156.02483 174.18858 लेकर
426.6078 528.226 528.703 427.08478 7.093867 6.283226 66.07398 66.88462 उसी
201.2229 270.6973 275.35193 205.87753 46.121117 34.554665 62.512947 74.0794 वह
21.425583 156.22137 163.8126 29.016815 26.420193 14.31012 98.807205 110.91728 हम
558.9159 595.4957 597.1398 560.55994 124.08227 121.08617 141.15906 144.15517 गये
3.2950287 100.195435 102.715775 5.8153687 119.50269 110.275085 136.74152 145.96912 मतलब
497.70416 527.1607 529.565 500.10846 149.67036 145.5219 162.59355 166.74202 कर
531.5755 588.9787 591.1137 533.7105 63.279175 58.300232 82.91455 87.89349 केवल
186.75989 240.711 244.24161 190.2905 23.648724 15.080456 37.311287 45.879555 धूप
