23.76857 129.79048 129.73009 23.708172 31.822144 31.909973 104.81673 104.7289 पाई
454.88336 474.5285 516.23694 496.5918 9.595964 -8.19931 37.844826 55.6401 पर
159.60643 220.58427 216.48402 155.50618 175.43732 186.29657 209.32071 198.46146 तब
18.065804 80.100334 80.02839 17.993858 106.56082 106.70456 137.75433 137.6106 आती
15.92067 71.04662 70.95811 15.832152 159.61552 159.82686 182.91542 182.70409 तरह
380.24643 447.26437 457.3434 390.32547 255.12608 223.56534 244.9677 276.52844 आया
407.71906 460.99408 475.75604 422.48102 276.80096 251.8487 283.36658 308.31885 उसे
496.35608 592.7355 592.7218 496.34238 6.686043 6.7233124 42.211384 42.174114 परिवार
217.41266 298.59427 295.8825 214.7009 179.50519 193.77545 209.20233 194.93207 लाजपत
293.2249 343.40057 340.64557 290.4699 192.83163 201.65161 217.3245 208.50452 राय
