21.13279 90.238434 93.92033 24.814682 23.427792 17.231628 58.295704 64.49187 ग्रस्त
394.96884 445.6367 445.7521 395.08426 9.124951 8.920795 37.570602 37.774757 खुद
397.10464 464.28854 464.5076 397.3237 36.104164 35.58988 64.20848 64.72276 जाओ
480.5759 529.02893 529.2561 480.80313 35.786495 35.40959 64.61929 64.9962 और
4.7418118 56.84144 58.63154 6.531912 84.6364 79.78165 98.99243 103.84718 वकील
5.224207 32.812775 34.071342 6.4827747 119.31898 116.69177 129.90817 132.53539 बन
46.491295 73.89858 75.15409 47.746803 115.38921 112.77928 125.963554 128.57349 कर
64.84891 159.83983 163.84232 68.851395 65.862526 57.08509 100.40066 109.17809 टन
134.57533 177.18199 187.30156 144.6949 167.08649 143.00952 160.91711 184.99408 बाल
288.95245 349.539 349.641 289.05444 24.519642 24.219837 44.8352 45.135006 पहाड़
365.73285 396.0818 396.1624 365.81348 24.349527 24.210655 41.83438 41.97325 पर
