522.628 591.7662 597.7828 528.6446 107.47249 85.95839 105.29352 126.80762 एक
6.0603714 52.90108 52.872097 6.031388 33.198685 33.238777 67.09947 67.05938 की
72.04573 149.07248 149.03336 72.00661 44.20526 44.32618 69.24481 69.12389 तरफ
6.0814743 68.98741 68.93181 6.0258713 72.408356 72.51134 106.47865 106.37567 उसी
541.9824 562.46606 530.3545 509.87085 224.71259 240.42566 282.28656 266.5735 पर
397.2379 478.0257 480.42767 399.6399 194.10857 185.70549 208.79811 217.20119 तापक्रम
235.00441 290.41492 290.89087 235.48036 408.10492 407.40002 444.81427 445.51917 रही
12.89962 125.11897 125.00065 12.781295 113.54477 113.820404 161.99411 161.71848 अपने
141.27876 189.79033 190.03859 141.52702 418.46704 417.9959 443.55933 444.03046 रूप
190.75688 241.90837 242.13698 190.98549 419.32224 418.84756 443.4838 443.95847 कर
