487.5238 570.98096 575.4441 491.98694 89.262726 62.582733 76.543686 103.22368 आकर
486.60977 540.3617 544.8938 491.14188 111.84622 95.01265 109.48424 126.31781 दवा
134.68686 181.25073 181.52277 134.9589 417.2206 416.74838 443.5717 444.0439 यह
537.6011 594.7484 598.93054 541.7832 96.600235 78.71518 92.078156 109.96321 बाहर
537.6787 594.88513 600.3003 543.0939 121.77203 104.607376 122.65518 139.81984 अंदर
135.68117 206.55605 204.1002 133.22533 373.9354 384.19302 401.1616 390.90396 घर
248.0331 298.61566 298.84454 248.26198 413.3558 412.79922 433.60202 434.1586 कम
512.028 536.45184 587.9869 563.56305 8.1263895 -13.355255 45.2381 66.71974 सके
24.75911 152.83371 152.77377 24.69917 28.841187 28.939667 106.872955 106.774475 खुश
439.63785 544.49756 544.5023 439.64255 8.135116 8.12249 47.135426 47.148052 फाग
5.9402466 83.120285 82.99448 5.8144364 143.54575 143.78146 184.97382 184.7381 कभी
