286.86395 372.0421 372.18958 287.0114 23.961695 23.48309 49.726265 50.20487 आएगा
4.855423 159.23842 167.62273 13.239731 22.87379 9.049789 102.68367 116.507675 पर
409.826 507.9325 508.1761 410.06958 8.015029 7.451599 49.87162 50.43505 करता
129.79527 173.45564 183.58406 139.92369 175.33904 150.65309 168.56654 193.25249 गया
2.9814892 54.219597 57.040688 5.8025837 123.63336 118.7417 148.29138 153.18304 सिर
194.45091 275.80005 281.44238 200.09325 43.238167 29.654411 63.444633 77.02839 पर
544.4512 595.3916 598.3893 547.44885 45.916847 41.471436 75.82284 80.26825 खैर
442.8615 481.3172 481.47943 443.02374 54.834187 54.494003 72.836426 73.176605 उन
499.07074 530.2104 530.3714 499.23175 54.476486 54.20102 72.403915 72.67938 पर
181.66664 233.18263 237.25179 185.7358 8.591881 0.56288147 26.671547 34.700546 इसे
534.45215 595.33997 598.47424 537.5864 7.7103953 2.201912 36.846306 42.35479 पर
