13.843994 139.76733 139.70932 13.785981 49.71422 49.86342 98.83151 98.68231 सकता
115.11984 210.9126 208.66513 112.872375 373.94266 387.71793 403.3467 389.57144 समाज
140.25331 212.86516 213.1285 140.51665 418.47687 417.77185 444.89288 445.5979 बनाए
197.56004 207.3355 161.85649 152.08104 166.18185 181.11841 210.88284 195.94629 कोई
424.0168 476.87674 479.28653 426.4266 190.3136 184.7985 207.89539 213.41049 और
57.789787 125.09551 124.98618 57.680458 114.65561 114.822266 158.97833 158.81168 हम
228.24007 260.26984 260.44006 228.41032 418.16318 417.85764 435.70706 436.0126 यह
265.36093 301.21738 301.40317 265.54672 417.80908 417.4671 436.94653 437.2885 एक
9.832362 37.68002 37.70084 9.853183 13.339373 13.32058 44.168373 44.18717 के
55.172676 117.055824 117.041405 55.158257 23.296936 23.337662 45.250366 45.20964 पतन
206.10063 235.94737 236.10017 206.25343 423.21362 422.97534 442.11652 442.3548 और
191.76193 271.99075 267.1487 186.91989 174.15462 188.2322 215.82729 201.74971 मगर
