371.23328 470.52856 494.8719 395.5766 258.20566 212.56381 265.52353 311.16537 और
550.04974 585.54706 575.99774 540.5004 365.82056 384.49365 402.6468 383.9737 पर
108.67966 178.44156 176.58493 106.82303 369.02496 379.34113 391.89636 381.5802 तक
183.92091 245.36443 243.58711 182.1436 380.6996 389.7857 401.8045 392.71838 बल
510.2196 534.647 583.885 559.45764 9.561251 -11.95734 43.93656 65.455154 इनके
70.963974 125.92743 125.917725 70.95427 4.2291718 4.2444916 39.080086 39.064766 इस
71.14522 154.26143 154.21858 71.10237 67.12745 67.2546 95.25825 95.131096 समय
396.55164 443.64313 445.56775 398.47626 200.172 195.36392 214.21439 219.02246 उस
439.37244 531.6964 531.68524 439.36124 6.663994 6.6996994 35.74431 35.708603 नजर
16.867897 66.84055 66.78274 16.81008 93.574036 93.69975 116.67964 116.553925 प्रकट
