193.20717 276.01178 281.6645 198.85988 44.425644 30.578323 64.38048 78.2278 पर
142.62103 177.99493 188.1146 152.74069 166.71552 146.71753 164.61792 184.6159 मत
495.96454 526.4814 529.0363 498.51947 152.09175 147.79301 165.93071 170.22945 पर
9.934658 109.92556 115.35812 15.367226 31.482798 22.475853 82.78564 91.79258 हम
427.09982 475.84128 475.89658 427.15512 5.989137 5.8617706 27.03053 27.157898 कर
429.7527 474.4381 474.58997 429.90454 39.841816 39.52084 60.6608 60.981777 घर
542.1865 596.45996 599.5675 545.29407 40.69671 35.9412 71.4071 76.162605 दफे
0.3741455 101.08027 105.46867 4.7625504 97.27821 87.82167 134.55534 144.01189 मदद
353.27338 422.805 423.00336 353.47174 14.52454 14.133846 49.440742 49.831436 इस
548.098 592.2656 594.03894 549.87134 103.67798 99.987015 121.20793 124.898895 अब
185.97157 231.61406 235.71864 190.07616 13.878348 6.69722 32.7855 39.96663 रहे
101.39212 175.1134 177.86911 104.14783 50.380917 43.621735 73.677734 80.43692 काम
474.16464 497.61295 497.6697 474.2214 21.731922 21.640938 36.26811 36.359093 मुझ
507.01715 525.184 525.221 507.05414 21.66975 21.60828 32.530293 32.591763 पर
475.5762 504.5342 504.59854 475.64053 40.009026 39.839127 50.802048 50.971947 तरस
476.63403 513.59015 513.7197 476.7636 53.70601 53.39743 68.91838 69.22696 खाओ
