5.6799393 66.44141 66.41989 5.658421 27.634453 27.67974 56.551933 56.506645 विनम्र
5.7054214 94.535675 94.49802 5.667759 76.19518 76.34733 98.33387 98.181725 समझता
6.8229218 53.80547 53.746998 6.764451 116.92868 117.06596 137.0759 136.93861 आप
512.053 562.8064 567.6726 516.9192 83.44155 67.24622 82.49618 98.691505 इस
60.370422 98.44617 98.40292 60.32718 104.45881 104.54536 123.57162 123.48507 जब
60.42227 122.63234 122.55951 60.34944 125.27339 125.4406 152.53908 152.37187 उसके
279.65616 288.71716 232.39725 223.33626 173.82541 188.259 223.61499 209.1814 हुई
67.504074 150.59756 150.56897 67.47548 15.949417 15.991951 71.84537 71.80283 झूठ
141.65437 224.39595 219.8253 137.08372 170.86551 185.55725 211.29834 196.6066 खाक
481.0659 530.4695 536.06104 486.65738 125.08712 110.07219 128.46991 143.48483 इसी
