564.7054 595.38715 597.1999 566.5181 40.93363 38.21257 58.652336 61.373398 पर
392.67532 528.62134 528.9762 393.03018 5.240732 4.324974 57.00628 57.922035 आज
21.809471 153.03363 161.29095 30.06681 17.335028 5.6158676 98.07659 109.79575 पूछ
145.32692 182.76302 193.471 156.0349 159.63701 138.48189 157.43074 178.58586 कर
206.2079 248.02968 251.15114 209.32936 36.83649 30.056042 49.309208 56.089657 और
212.61066 255.32404 257.5833 214.86993 63.85785 56.69586 70.16991 77.331894 भाग
337.77377 386.24954 386.428 337.95224 22.921381 22.630943 52.41989 52.710327 सिर
291.16843 328.64053 328.70712 291.23502 7.6433687 7.5324116 30.025604 30.13656 बढ़
293.74097 339.86194 339.97778 293.8568 39.11949 38.819115 56.60514 56.905518 गया
2.6417904 60.487587 62.616043 4.7702465 117.51562 112.01407 134.39368 139.89522 चक्कर
