153.84485 197.16464 197.04611 153.72632 51.408997 51.710922 68.71775 68.415825 इन
425.0 456.0 456.0 425.0 85.0 85.0 96.0 96.0 पास
473.3113 500.13675 487.89047 461.06503 197.04793 214.3355 233.33833 216.05077 तरह
8.778582 62.961143 63.010696 8.828135 51.1193 51.027084 80.14211 80.23433 देकर
181.82202 220.13425 217.52866 179.21643 177.1186 186.65782 197.1226 187.58339 पर
114.47383 164.26038 164.05428 114.26772 22.122047 22.49205 50.225212 49.85521 हुई
469.0 584.0 584.0 469.0 41.999992 42.0 132.99997 132.99997 यह
0.7162514 56.825474 56.945293 0.836071 19.241749 19.017857 49.045628 49.26952 छूकर
159.29309 204.54266 204.46036 159.21078 73.11604 73.41162 86.011 85.71542 रख
159.63634 206.92686 206.85146 159.56093 94.791466 95.074425 107.67759 107.39463 चार
161.0154 209.44438 209.34505 160.91606 110.80653 111.06973 129.34859 129.08539 और
259.28 319.28 319.28 259.28 12.599998 12.599998 39.6 39.6 राम
259.28 324.28 324.28 259.28 44.199997 44.199997 85.2 85.2 और
258.18 366.18 366.18 258.18 102.8 102.8 126.8 126.8 सम्मान
