446.0 596.0 596.0 446.0 81.0 81.0 143.0 143.0 देखकर
113.32144 210.44376 210.13272 113.01041 13.920151 14.624916 57.486237 56.78147 वह
526.317 554.5205 552.95886 524.7554 376.36322 380.14368 391.79456 388.0141 लग
149.21747 204.91653 202.1018 146.40274 355.64014 360.88495 390.77692 385.5321 जिस
479.28812 494.8591 475.46762 459.89664 200.08398 215.44058 235.10278 219.74619 कर
484.495 519.495 519.495 484.495 11.400002 11.400002 38.4 38.4 और
484.495 515.495 515.495 484.495 54.800003 54.800003 76.8 76.8 इस
533.345 567.345 567.345 533.345 54.800003 54.800003 71.8 71.8 बात
167.04993 198.99533 198.92813 166.98273 110.08597 110.265274 122.23857 122.059265 घर
144.07613 184.25014 184.17033 143.99632 80.952545 81.206894 93.81256 93.55821 पर
