477.83224 491.29947 473.24887 459.78165 199.87729 213.15176 231.46445 218.18997 यह
184.79857 223.0468 220.56523 182.317 177.85976 187.39278 197.34923 187.81621 पर
79.57323 146.69876 146.58235 79.45681 103.92128 104.08458 151.93709 151.77379 बनाए
153.18976 207.78055 207.66086 153.07007 74.71234 75.05797 93.96129 93.61566 दस
71.495056 87.659485 87.68619 71.52176 70.47585 70.43688 81.50999 81.54896 पर
95.96941 118.29623 118.3411 96.01429 65.38381 65.32174 81.460976 81.52305 शर्म
118.603 161.19232 160.99603 118.4067 24.04609 24.36193 50.832207 50.516365 रहे
4.7726593 58.916443 58.974976 4.831192 53.179276 53.047707 77.13475 77.26632 तक
80.25136 91.95419 95.64365 83.94081 91.57572 89.23243 107.658165 110.00146 एक
150.00975 211.84697 211.66444 149.82722 2.8946877 3.3927078 26.05592 25.5579 बहुत
