152.24153 215.82985 213.32512 149.7368 357.04767 363.0428 389.60968 383.61456 बाल
449.56 531.56 531.56 449.56 73.59999 73.59999 105.59999 105.59999 उसकी
450.66 502.66 502.66 450.66 113.2 113.2 149.2 149.2 ओर
525.36 569.36 569.36 525.36 124.2 124.2 152.2 152.2 इस
78.634094 114.29819 127.82031 92.15622 94.04484 87.00638 155.52335 162.5618 पर
16.717827 50.812683 50.89514 16.800285 23.209036 23.05289 41.058548 41.214695 वह
125.08745 152.03648 151.98592 125.03688 117.58293 117.668365 133.62076 133.53532 काम
270.585 316.585 316.585 270.585 28.0 28.0 52.0 52.0 राम
270.585 333.585 333.585 270.585 66.0 66.0 100.0 100.0 करते
270.585 359.585 359.585 270.585 124.0 124.0 148.0 148.0 सम्मान
272.785 326.785 326.785 272.785 172.0 172.0 196.0 196.0 भाव
126.84155 142.58719 146.53107 130.78543 137.21301 134.14352 154.37463 157.44412 रूप
