260.35 340.35 340.35 260.35 12.400002 12.400002 77.4 77.4 हुए
264.75 362.75 362.75 264.75 76.8 76.8 143.8 143.8 और
9.807241 63.014374 63.039375 9.832243 63.113544 63.06626 91.20387 91.25115 लिए
182.9712 223.49297 220.51616 179.9944 175.82193 185.90973 197.86725 187.77945 और
78.10506 110.70291 124.37897 91.78111 94.043686 87.59508 156.72777 163.17638 कई
131.60579 192.4468 192.27434 131.43333 3.9954624 4.4854565 25.899757 25.409763 फिर
120.81544 136.59137 141.99072 126.21479 120.02943 116.94876 144.59854 147.6792 पर
485.709 499.2004 477.47043 463.97903 194.41672 207.72601 229.75336 216.44406 पर
148.7865 190.06271 189.93857 148.66235 27.816452 28.129395 44.502853 44.18991 यह
149.0805 204.74835 204.60287 148.93503 46.46057 46.850143 67.63789 67.24832 लोग
486.0 558.0 558.0 486.0 22.0 22.0 62.0 62.0 तक
