6.589081 55.69517 55.799545 6.6934547 18.847746 18.625015 41.636963 41.859695 तरह
6.6422997 52.775173 52.840786 6.7079124 60.38882 60.28833 90.40869 90.509186 कुछ
115.371506 145.44008 153.72282 123.65425 113.865974 108.03459 150.74332 156.57469 उस
128.59966 211.85811 211.70024 128.44179 4.599457 5.2726326 24.798832 24.125656 जगह
129.06277 186.88617 186.71735 128.89395 34.211315 34.629993 57.945683 57.527004 बेल
484.44516 500.03018 477.88834 462.3033 197.38303 212.76608 235.19864 219.81558 हमने
154.02156 212.44154 210.05153 151.63155 365.0402 370.52737 395.97305 390.48587 साथ
80.25136 117.459854 117.40224 80.19374 91.57573 91.65474 118.79089 118.71188 भारत
129.5486 213.84291 213.71294 129.41862 68.8777 69.42082 89.594986 89.051865 असर
46.99827 85.53544 87.77468 49.23751 187.47879 180.23944 192.1596 199.39896 उन
48.661182 84.79396 87.102875 50.970097 210.65027 203.67758 215.64249 222.61517 पर
