450.41998 524.42 524.42 450.41998 7.200001 7.200001 33.2 33.2 समझेगा
536.92 568.92 568.92 536.92 15.200001 15.200001 33.2 33.2 यह
450.41998 524.42 524.42 450.41998 38.4 38.4 63.4 63.4 सोचकर
536.92 590.92 590.92 536.92 39.4 39.4 63.4 63.4 विनय
450.42 498.42 498.42 450.42 69.6 69.6 95.6 95.6 पहले
4.798794 68.03471 68.06923 4.833309 58.106632 58.03174 87.174286 87.249176 उसने
469.97073 499.6514 489.46225 459.7816 202.38403 221.51733 237.32333 218.19003 बाहर
454.0 528.0 528.0 454.0 109.0 109.0 165.0 165.0 इन
5.6913548 55.816956 55.94899 5.823389 17.213911 17.024986 52.056282 52.24521 बार
257.99997 329.99997 329.99997 257.99997 135.99998 135.99998 190.99998 190.99998 हर
