472.30463 498.31348 485.4013 459.39246 199.39417 216.16309 236.1901 219.42117 आप
443.94 517.94 517.94 443.94 46.800003 46.800003 87.8 87.8 परचे
544.0399 591.0399 591.0399 544.0399 58.800003 58.800003 87.8 87.8 पर
85.07497 111.51395 120.58482 94.14584 107.631485 102.39415 148.18555 153.42288 मंच
121.431656 199.06104 198.76411 121.13473 8.317734 8.898376 48.595863 48.01522 ऐसे
495.0 595.0 595.0 495.0 91.0 91.0 128.0 128.0 उसका
112.93117 139.97787 151.03465 123.98794 101.53419 96.27797 153.17245 158.42868 पूछ
514.1378 570.2799 567.7025 511.5604 369.52664 376.975 396.40244 388.95407 अब
287.0 367.0 367.0 287.0 16.0 16.0 62.0 62.0 जिस
148.73578 207.35196 207.24216 148.62598 52.50505 52.913765 68.66298 68.254265 लेकर
150.17764 205.7417 205.63605 150.07199 72.54953 72.90788 89.2912 88.932846 आयी
