11.75909 51.85888 51.91816 11.818371 43.175194 43.056595 63.098984 63.217583 कर
317.66 377.66 377.66 317.66 18.8 18.8 48.8 48.8 अब
316.56 381.56 381.56 316.56 75.6 75.6 105.6 105.6 तक
403.16 508.16 508.16 403.16 75.6 75.6 106.6 106.6 उसका
85.449814 132.87181 144.28752 96.865524 99.00087 89.75 148.2694 157.52026 कहना
52.976265 86.32429 88.560616 55.212593 186.35577 180.09122 191.99585 198.2604 रहा
54.43164 87.897705 90.19441 56.728348 206.44258 200.0071 211.95052 218.386 यह
109.61426 164.14816 164.05612 109.52222 11.494427 11.936932 23.280632 22.838127 इस
109.91943 200.21295 200.12653 109.833 31.16169 31.849434 43.196228 42.508484 समय
9.674139 46.767982 46.90074 9.806902 6.297572 6.1003685 31.073105 31.27031 एवं
455.0 490.0 490.0 455.0 14.0 14.0 29.0 29.0 सबकी
130.56332 210.72983 210.61087 130.44437 68.254395 68.77603 87.05798 86.53635 मगर
510.45502 553.455 553.455 510.45502 76.6 76.6 98.6 98.6 धन
508.255 579.255 579.255 508.255 119.2 119.2 149.2 149.2 संचय
142.50706 196.94167 196.86394 142.42934 46.28512 46.680138 57.389946 56.994926 झपक
