405.123 450.3291 417.33356 372.12744 -6.360672 10.882011 97.38829 80.14561 यही
129.9428 162.18578 162.19414 129.95116 12.156702 12.144211 33.7563 33.76879 उसे
240.62169 293.3637 293.92523 241.18321 6.479073 5.4952316 35.59897 36.58281 वह
399.2884 479.9895 476.35187 395.65076 244.16531 249.3547 305.92435 300.73495 रखते
285.074 330.86105 329.2546 283.46756 326.53052 330.6579 348.4793 344.35193 उस
309.92004 350.50647 330.9065 290.32007 25.176826 38.859848 96.99713 83.31411 बन
118.97058 154.14801 154.31525 119.13782 212.7359 212.36609 228.27313 228.64294 यह
318.95752 341.50433 340.36273 317.81592 235.3775 236.85092 254.32065 252.84723 आ
359.6413 420.27826 418.56775 357.9308 230.37793 234.33887 260.52435 256.56342 सकती
119.312996 163.24677 163.4122 119.47843 154.79025 154.45688 176.25998 176.59335 एक
118.40602 164.83372 165.10979 118.68208 182.1576 181.74121 212.52133 212.93771 और
115.2518 164.30951 164.59213 115.534424 229.48294 228.92587 253.81534 254.3724 हाल
420.99927 457.1405 455.64417 419.50293 234.64432 237.00787 259.88824 257.5247 वह
