427.87958 492.41956 490.25012 425.71014 264.62897 268.78607 302.4673 298.31018 पर
406.09293 450.32913 420.8309 376.5947 -6.0162354 10.882019 88.102394 71.20414 एक
296.2836 334.48154 332.34738 294.14944 321.63965 325.0829 348.75806 345.31482 यह
94.34842 157.71764 157.72025 94.35103 7.253635 7.244793 25.93636 25.945202 अलग
378.63934 426.5763 424.65662 376.71967 232.94662 236.07257 265.51117 262.38522 वह
318.54227 358.33823 335.4501 295.65414 18.375717 31.925903 99.14676 85.59657 रहा
239.73354 288.35876 288.83948 240.21425 7.8082576 6.9156036 33.101276 33.99393 सच
559.2077 567.20966 586.14154 578.1396 62.43478 57.791718 90.41931 95.06238 एक
577.4139 585.8742 606.1702 597.7099 92.51022 87.59831 122.55655 127.46846 क्षण
116.717926 166.37344 166.55322 116.897705 167.69276 167.2837 189.10582 189.51488 ज्वर
113.763504 165.9952 166.32127 114.089584 213.98361 213.4314 244.27466 244.82687 कुछ
319.5381 376.11475 374.39935 317.8227 223.5597 227.26117 253.48056 249.77908 विषय
