304.55783 376.64462 375.97995 303.89316 23.044678 24.032242 72.55197 71.56441 उतर
383.66562 456.4962 455.8217 382.99112 23.414352 24.412102 73.645775 72.648026 आए
390.16785 486.6947 483.3183 386.79144 235.89838 242.13373 294.40204 288.1667 शहर
288.0634 335.47006 333.4238 286.01712 322.8456 327.11154 349.8517 345.5858 जब
560.36035 573.42566 609.2838 596.2185 64.45245 56.87155 118.67131 126.25221 एक
445.6105 500.06778 499.66306 445.20578 24.967728 25.586052 61.231262 60.612938 उस
520.64215 522.0661 537.2087 535.7847 81.50016 20.886879 21.2426 81.85588 महोदय
123.39313 168.85422 168.97495 123.513855 155.35347 155.00719 170.85857 171.20485 समा
120.91242 169.62057 169.81 121.101845 176.38257 175.95987 197.78827 198.21097 गयी
372.75674 410.79318 408.87955 370.8431 208.97238 218.01456 226.0643 217.02213 बन
