407.31744 496.45557 492.59302 403.4549 232.64633 238.39725 298.26614 292.51523 यह
129.48647 164.96635 165.18733 129.70744 204.68062 204.32188 226.17628 226.53502 सर
581.0349 581.11707 595.3771 595.2949 120.245346 64.19142 64.21231 120.266235 निकल
403.873 448.10748 415.3167 371.0822 -5.9696884 10.876892 96.9764 80.12982 यह
326.64587 388.39178 387.03497 325.28906 230.61617 234.65422 255.40141 251.36336 करता
533.5238 534.2473 543.16235 542.43884 65.77728 31.577599 31.766205 65.96589 और
547.8734 548.30615 555.0868 554.65405 88.97161 62.68766 62.79931 89.08326 वह
236.86229 288.76996 289.35632 237.44865 5.2197056 4.251423 35.684196 36.65248 मन
462.28836 486.2029 471.28622 447.37167 3.5147667 13.403461 49.47751 39.588814 घर
388.30194 434.9956 433.45514 386.76147 271.8849 274.89246 298.80908 295.8015 एक
107.42354 171.84459 171.84773 107.42668 7.2518115 7.2428246 29.857136 29.866123 कसम
511.96442 522.4781 547.18256 536.6689 38.875782 32.938583 76.68558 82.62277 घर
