421.25305 470.0641 468.35712 419.54608 235.75623 238.9432 265.08673 261.89975 हाथ
419.1725 472.07367 470.5351 417.6339 274.9832 278.38913 302.2858 298.87985 चाय
332.29443 374.46808 348.25586 306.0822 -2.8403854 11.663818 87.880775 73.37657 मेज
387.697 419.04684 397.3713 366.02145 16.699783 28.513947 86.03182 74.21766 पर
335.8143 403.8406 402.48874 334.46243 238.89911 243.33514 264.06567 259.62964 मजाक
561.5011 568.1587 587.6172 580.9596 65.140724 61.27549 94.79163 98.65687 और
575.9644 585.6274 607.55914 597.8962 90.48628 84.87738 122.66104 128.26994 उसके
297.42233 333.31747 331.3624 295.46725 324.70953 327.93958 349.6662 346.43616 पर
231.04576 292.6526 293.29797 231.69115 5.3074536 4.1400337 38.199696 39.367115 कर
530.1633 537.9552 563.0497 555.2578 36.19321 31.721954 75.45267 79.92393 वर्ष
103.19232 129.60675 129.60892 103.19449 7.0558443 7.0524216 23.767845 23.771269 यह
143.12953 173.97624 173.97801 143.1313 7.0506682 7.046671 20.783398 20.787395 बात
