84.84035 116.842285 116.84558 84.84364 9.222479 9.214838 22.993776 23.001417 रहता
127.26454 167.7304 167.73024 127.26439 4.3045063 4.3048725 20.997314 20.996948 उसकी
560.41705 572.92096 603.6252 591.1213 64.16071 56.904243 109.81219 117.06866 रख
363.28906 412.33545 410.41486 361.36847 231.71518 234.91379 264.36392 261.1653 और
430.3573 484.30505 483.09705 429.1493 244.89343 248.41464 266.92203 263.40082 अन्य
286.0506 323.9394 322.06927 284.18048 324.63806 328.0475 348.82996 345.42053 एक
430.81125 479.63663 476.92288 428.0975 269.18903 272.31824 314.66095 311.53174 इसे
459.45206 494.01205 466.92337 432.36337 -3.206192 10.982597 76.963196 62.774406 पर
239.73352 278.96802 279.42114 240.18665 7.8082566 7.0937996 31.975664 32.69012 रहा
523.0203 529.08575 545.86444 539.799 34.17856 30.714813 60.096138 63.559883 टूट
314.05823 333.3355 332.55347 313.27618 248.43655 249.6926 261.69473 260.4387 पड़
378.2437 444.5562 443.95892 377.64642 26.809303 27.701172 72.11016 71.21829 बच
