567.89886 580.0528 606.06256 593.9086 71.19174 64.11958 108.81883 115.89099 कल
407.5023 461.46402 431.41708 377.45535 -9.70578 10.907654 89.56447 68.951035 लहर
239.46024 301.57986 302.0295 239.90988 6.49677 5.3747807 30.26825 31.390238 एक
531.005 539.33215 558.49304 550.1659 52.462753 47.716797 81.33624 86.0822 और
199.50316 229.93575 230.25264 199.82005 5.783305 5.260727 23.714771 24.237349 दोष
123.57131 155.58829 155.59476 123.57778 12.15917 12.146767 28.849993 28.862396 कोई
284.03403 334.08688 332.39322 282.34036 326.4339 330.938 349.7591 345.255 कहा
300.87305 358.16663 357.70178 300.4082 28.861061 29.58377 66.43233 65.70962 सुनकर
370.5319 390.41257 377.53867 357.658 22.437378 29.770798 64.671524 57.338104 मन
116.969955 153.24428 153.38167 117.107346 135.40314 135.16345 155.95416 156.19385 अब
