289.13312 328.0301 326.15887 287.2619 323.9353 327.44153 348.20026 344.69403 कर
581.92694 582.03876 591.2425 591.1307 113.87132 76.43709 76.464584 113.89882 कहना
409.37442 471.03043 468.20377 406.54776 233.8776 237.87842 281.4396 277.43878 इसी
137.23189 170.77348 170.94112 137.39952 144.16782 143.93109 167.68182 167.91855 रह
525.0402 530.9278 545.84906 539.9615 34.18231 30.814579 56.900608 60.268337 वह
539.7255 546.03436 564.3 557.99115 58.993332 55.383255 87.30373 90.9138 धुन
350.8209 390.31876 388.7538 349.25595 236.59622 239.1719 263.17 260.59433 वह
70.081 96.59666 96.59716 70.081505 5.091407 5.090597 21.832016 21.832825 यह
105.973175 134.26517 134.26567 105.97368 5.090312 5.089451 21.800606 21.801468 कह
145.7015 176.6832 176.68372 145.70203 5.0891013 5.0881557 21.765825 21.766771 क्षण
582.1678 588.3658 603.4063 597.2083 147.64745 144.12343 170.57637 174.10039 बन
580.96686 588.4815 604.7413 597.2266 121.44519 117.12671 145.4206 149.73907 गया
453.46704 491.5345 490.0686 452.00116 280.48334 282.93225 305.7188 303.2699 घर
