525.7441 526.7265 537.86383 536.8814 73.18508 30.76043 31.018349 73.443 साथ
116.72424 161.32355 161.6305 117.03119 201.82938 201.38516 232.20248 232.6467 और
448.87772 477.49588 454.66434 426.04617 8.98735 20.652565 76.66492 64.9997 पर
297.35248 333.99585 332.20972 295.56635 322.72705 326.04736 345.7591 342.43878 पर
582.43115 582.5343 594.01953 593.9164 111.90912 59.622467 59.64511 111.93176 खासकर
347.94058 395.10617 392.5831 345.4175 203.07298 214.28539 224.89876 213.68636 दम
245.26445 293.81915 294.2959 245.7412 6.408341 5.5241623 31.704796 32.588974 कर
113.74515 153.02524 153.21652 113.93643 178.03206 177.68803 199.52632 199.87035 इस
406.63217 441.97104 414.60526 379.2664 6.9068527 20.50837 91.60886 78.00734 एक
286.286 354.95575 354.2146 285.54486 40.09028 41.212723 86.553795 85.43135 सबसे
