302.40976 326.13242 327.23544 303.5128 320.24402 319.36963 349.29486 350.16925 हुई
118.59752 163.46263 163.65556 118.79045 196.84525 196.4096 216.27805 216.71368 साथ
329.4977 368.63382 347.52182 308.3857 4.8575897 18.314056 79.71524 66.25877 कर
398.08182 439.23618 414.0353 372.88095 2.9542236 18.575905 84.96606 69.344376 रहा
260.58722 305.02478 305.44965 261.0121 7.487428 6.684805 30.206476 31.0091 पर
393.45502 497.23254 494.61462 390.8371 233.92346 240.66315 280.97437 274.23468 सम्बन्ध
518.4748 526.26605 545.51105 537.7198 42.162457 37.74591 71.69623 76.11278 कोई
416.63608 485.33023 483.58585 414.8917 277.00183 281.41553 308.56476 304.15106 जगह
122.37631 156.61023 156.65842 122.4245 48.53684 48.4607 70.12697 70.2031 वह
565.8041 577.8036 605.43884 593.43933 70.709496 63.7371 111.29751 118.269905 एक
436.9781 493.2575 492.82587 436.54645 22.49815 23.137165 61.15363 60.514614 अपने
198.61542 242.95486 243.27438 198.93494 7.119058 6.3510914 24.79895 25.566917 सकते
316.13748 385.3774 383.80655 314.56662 227.72784 232.25407 256.28442 251.7582 उसका
