540.4244 541.00494 549.085 548.50446 77.86041 47.000557 47.152573 78.01243 कमिश्नर
93.39931 151.11813 151.12074 93.40192 7.253769 7.2457123 25.938171 25.946228 कहता
414.90912 464.91852 434.15942 384.15002 -5.9897614 13.345085 92.903206 73.56836 वतंत्र
404.1734 465.7392 463.2807 401.7149 252.14682 256.12216 294.19687 290.22153 और
581.47955 581.52203 597.6584 597.6159 128.65071 59.6259 59.63582 128.66063 गिरावट
286.3742 307.01733 309.07452 288.4314 301.30502 297.0933 307.17636 311.3881 कर
235.0216 275.89594 276.56943 235.6951 13.140497 12.329758 46.285286 47.096027 तुम
295.52393 332.61047 331.27124 294.1847 329.4847 332.83353 347.66476 344.31595 कहा
321.80652 357.70392 338.87903 302.98163 24.264984 36.588394 91.42424 79.10083 बाद
336.30417 369.47916 368.0505 334.87552 229.05797 231.22841 253.06517 250.89473 भर
