235.08594 275.9964 276.50537 235.59491 7.879757 7.122677 34.62609 35.38317 तब
573.67346 581.43384 603.2368 595.47644 85.90252 81.39669 118.94781 123.453636 गये
573.42664 581.61426 606.00415 597.8165 61.755222 56.94973 98.505066 103.310555 कई
119.07055 167.85165 168.03308 119.251976 155.5845 155.21243 179.00037 179.37244 भीतर
115.998825 150.62746 150.84798 116.219345 195.67885 195.34468 218.19673 218.5309 घुस
114.46925 153.02287 153.2874 114.73378 223.92049 223.49355 247.38014 247.80708 सके
413.60242 483.7337 480.2854 410.1541 234.15643 238.69043 292.02832 287.49432 बने
399.2449 435.49643 411.79483 375.5433 9.050293 22.877502 85.01721 71.19 हम
190.08777 234.50174 234.82935 190.41537 11.216462 10.427435 28.868973 29.657999 उसके
512.63745 526.69226 556.5045 542.4497 34.203217 26.244743 78.89366 86.852135 उसने
300.41763 333.4495 331.31674 298.28488 322.02768 325.00522 348.66513 345.6876 हुए
355.2807 405.35468 403.7163 353.64233 232.50336 235.77274 260.86624 257.59686 कर
136.40755 161.72185 161.7466 136.4323 37.690365 37.647892 52.397617 52.44009 लोग
135.41177 159.56006 159.5888 135.44052 62.28331 62.2128 72.05913 72.12964 नाव
319.18585 348.39264 328.9154 299.70862 28.833786 38.84395 95.67302 85.66286 हुए
