412.2579 491.78934 488.69345 409.16202 239.54376 244.68549 292.57196 287.43024 एक
302.59216 334.84625 333.23907 300.985 325.19247 328.11502 345.85233 342.92978 पर
124.11359 157.37616 157.38715 124.12457 14.123145 14.10696 36.711315 36.7275 बाद
379.36844 458.11887 457.55283 378.8024 10.005775 10.899948 60.753128 59.858955 लगा
355.55676 395.09082 393.3778 353.84375 227.03662 229.62204 255.81622 253.2308 एक
561.4908 573.8693 609.5302 597.1517 64.06428 56.87417 118.26833 125.45844 दोष
117.18527 159.64429 159.86447 117.40546 156.19327 155.86813 184.61969 184.94482 और
113.88046 146.46835 146.67441 114.08652 209.80734 209.4697 229.35751 229.69516 वह
233.37329 282.143 282.91003 234.14032 5.27234 4.319378 43.57408 44.527042 पैर
285.2013 352.2223 351.55707 284.53607 44.716843 45.812332 86.510345 85.414856 आया
