423.00812 476.0072 444.3557 391.35663 -9.733887 10.941132 92.0777 71.40268 चन्दर
344.4084 403.06024 400.997 342.34515 229.15363 232.97742 264.6242 260.8004 आए
415.866 470.9747 469.54855 414.43985 233.86768 237.47371 259.26883 255.6628 बाघ
349.14056 381.1183 377.41565 345.43793 195.87054 203.41629 219.10742 211.56168 हुई
519.2686 530.9511 557.3703 545.6878 36.924118 30.281403 76.744995 83.38771 करने
118.764366 162.69922 162.91605 118.98119 231.63176 231.128 250.03981 250.54356 आप
296.24902 333.40765 331.27124 294.1126 320.6498 324.00516 347.66476 344.30942 देश
406.0002 487.49307 485.1788 403.68594 257.7352 262.9907 298.87613 293.62064 आह्लाद
113.81789 167.95952 168.22963 114.088 163.15633 162.7228 196.45549 196.88902 एक
561.8868 577.5042 613.2341 597.61664 65.91423 56.84767 118.3934 127.45996 आठ
229.8815 294.47995 295.06674 230.46829 5.325016 4.1200066 35.577675 36.782684 ऊपर
