405.9657 457.0047 424.01727 372.97827 -8.570091 10.897392 97.38239 77.91491 उससे
528.52985 535.4799 554.5435 547.59344 44.995808 41.02903 74.42978 78.39655 और
238.8456 295.69537 296.20795 239.35817 9.137132 8.076672 35.556393 36.61685 गया
296.5261 330.90146 329.2996 294.92422 328.586 331.67926 349.48065 346.3874 अब
582.82043 587.3854 599.81104 595.2461 131.99734 129.3825 151.07483 153.68967 पर
342.93253 393.6843 366.76083 316.00906 0.16443634 17.930084 94.84335 77.077705 बहुत
580.6136 580.7481 589.4539 589.3194 102.43326 65.71747 65.74936 102.46515 दरबार
120.002495 161.26276 161.44849 120.188225 153.00227 152.69295 177.46794 177.77727 एक
118.02832 166.57898 166.88611 118.33545 179.58163 179.15256 213.90378 214.33286 ऐसी
116.41211 165.7315 166.05035 116.73096 216.14264 215.61578 245.46301 245.98987 लोग
