-2.2059803 46.48371 55.949448 7.25976 103.57775 85.12915 110.11118 128.55978 और
61.27359 102.70053 103.03641 61.609467 284.2487 283.9728 334.4094 334.68527 जो
129.2453 273.92123 274.07965 129.40372 300.11234 299.46713 334.99112 335.63632 खतरनाक
62.15405 156.6948 156.84036 62.299618 371.51035 371.23196 420.66385 420.94223 प्रदूषक
533.1549 582.4342 545.31885 496.03952 22.217194 76.51871 110.20137 55.899857 तरल
-9.64558 72.969955 87.604065 4.9885216 138.59915 108.2287 148.03726 178.40771 जब
291.3384 443.68716 444.10654 291.75778 201.16452 199.96939 253.43015 254.62527 बन्धन
290.28653 341.01096 337.13254 286.4081 282.1903 284.89758 357.5658 354.85852 से
367.28134 488.58585 488.7642 367.4597 305.2984 304.8593 354.1261 354.5652 ऊपर
274.23172 320.61948 312.50607 266.11832 134.70256 166.67262 178.44496 146.4749 पार
212.90347 288.3074 288.3595 212.95557 366.14047 366.06168 415.9047 415.9835 जिस
323.26022 403.15482 403.19168 323.2971 379.09283 379.018 418.38184 418.45667 जगह
