460.2741 544.99963 544.992 460.26645 33.715103 33.724487 103.36685 103.35747 कर
352.54294 402.1956 402.27274 352.6201 4.5768814 4.4387894 32.181644 32.319736 अब्दुल
5.347702 44.577953 42.224506 2.994255 411.99625 417.0847 435.22897 430.14053 पर
5.315956 44.07933 41.9587 3.1953242 447.43893 452.01547 469.97726 465.40073 पर
5.284607 78.08606 76.19156 3.39011 482.42667 490.18497 507.96243 500.20413 लटक
144.32278 186.14716 186.24814 144.42377 10.988443 10.699053 25.292486 25.581877 लिए
142.19998 188.0292 188.24161 142.41238 29.279257 28.47195 40.52957 41.33688 बहुत
542.5223 596.0827 596.18207 542.62164 65.31841 65.153404 97.40615 97.57116 आप
540.5155 594.3899 594.7842 540.9098 125.67774 125.183365 168.15662 168.65099 आगे
350.72446 395.53305 395.53275 350.72415 38.889908 38.890495 62.51503 62.514442 कहा
312.5717 442.87576 439.66428 309.3602 126.92589 134.68971 188.58965 180.82582 आपके
483.84195 543.2207 543.4868 484.10806 106.94175 106.51169 143.2544 143.68446 गया
262.80136 353.04465 350.6235 260.38022 186.90016 192.74498 230.12709 224.28227 आइए
382.86676 438.61072 436.54443 380.80048 194.35495 197.9314 230.13773 226.56128 हम
80.09351 145.67874 145.77502 80.18978 8.73525 8.381369 26.221804 26.575686 कभी
