353.89417 374.2752 374.8026 354.42157 28.873394 28.443722 53.461613 53.891285 दूर
479.24744 586.57605 586.8364 479.5078 39.67061 39.305717 115.910614 116.275505 फौरन
315.17688 428.11194 425.75293 312.81787 112.78046 119.17554 160.83527 154.44019 बाहर
419.2072 471.41736 445.7254 393.51526 333.8449 351.50964 427.4452 409.78046 पुन
390.89163 507.8422 488.34824 371.39767 400.09622 431.46695 504.14072 472.77 उपयोग
226.77039 298.53918 298.76953 227.00073 30.058258 29.399467 54.49646 55.15525 उठा
339.15536 399.45816 399.51187 339.20908 5.711709 5.5493946 25.49535 25.657665 तमाम
288.457 314.29654 320.41647 294.57693 11.071694 1.7294922 18.656563 27.998764 हर
532.76385 580.0336 580.01666 532.7469 29.75887 29.783024 63.05926 63.035107 गया
24.271156 75.59767 73.3168 21.990288 450.7813 456.79633 476.2591 470.24408 कौन
346.56625 398.52078 396.29703 344.3425 197.24672 200.62181 234.85353 231.47844 रही
177.92288 253.36688 236.06161 160.61761 304.90292 325.13467 389.6658 369.43405 अपने
153.97519 196.0852 185.82681 143.7168 405.80533 415.74155 459.21683 449.2806 घर
543.0953 596.91693 597.3869 543.56525 135.82826 135.27904 181.3326 181.88182 पर
6.3177567 72.38417 70.26947 4.2030582 433.74478 441.86295 459.0726 450.95444 साथ
6.2791824 95.13118 93.23894 4.3869433 469.55624 479.42813 496.45932 486.58743 उसका
132.74167 176.78534 167.96118 123.91751 103.961624 115.7679 148.68669 136.88042 समय
122.190155 164.97342 156.61932 113.83605 164.49763 175.96767 207.1285 195.65846 समय
176.19868 199.00774 192.0572 169.24815 178.97713 183.80714 216.62996 211.79994 पर
114.1543 141.02367 131.87889 105.00952 210.60068 215.63757 264.42038 259.38348 कई
104.57939 132.2023 123.46216 95.83925 265.53372 270.73215 317.17465 311.97623 दफे
142.53394 164.1821 158.05545 136.40729 286.85526 291.311 321.07712 316.62137 वह
93.72652 119.10617 112.728226 87.34857 327.79874 332.55637 366.5795 361.82187 इस
131.14343 165.1709 158.3424 124.31495 337.83386 346.9599 372.4206 363.29456 शहर
