116.62265 192.87189 177.80533 101.55609 374.7376 395.19202 451.3567 430.90228 तरह
211.7005 296.87354 282.4038 197.23079 400.23953 423.08768 477.02768 454.17953 आज
331.39645 377.1495 352.7952 307.04214 405.0174 418.97827 498.79285 484.83197 भी
386.29868 448.7775 433.70792 371.2291 447.0683 463.82874 520.00446 503.24402 हम
290.2573 416.57333 413.13254 286.8165 129.04648 136.66571 193.70932 186.09009 उस
130.62627 189.25984 189.2882 130.65462 2.18116 2.0788918 18.328907 18.431175 पहले
348.3939 378.40195 378.46536 348.4573 6.785799 6.707714 31.080206 31.15829 यह
500.27008 563.8776 526.2951 462.68756 316.9747 340.8832 440.86984 416.96133 हुए
457.8581 544.05615 526.933 440.73492 430.97144 454.09332 517.92816 494.80627 कहा
351.90848 445.89993 441.2856 347.29416 208.14203 214.69223 280.905 274.3548 बढ़
9.692627 106.23702 102.51536 5.9709654 464.68454 475.0043 509.82156 499.5018 अपनी
153.2164 206.77075 207.08267 153.52832 21.2913 20.593788 44.54284 45.24035 नई
384.59546 408.1018 408.1576 384.65125 7.7943306 7.7352695 29.945522 30.004583 हम
495.8391 597.1697 596.69434 495.3638 9.534149 9.898407 142.11853 141.75427 इन
211.0451 298.30875 299.4083 212.14465 11.804409 9.723347 55.82932 57.91038 और
97.27606 201.18317 172.0586 68.15149 194.20508 216.65851 351.4375 328.98407 और
