266.82812 302.9159 297.95813 261.87036 111.37262 115.24075 161.49454 157.6264 की
313.6678 359.95966 355.1953 308.90344 130.12062 136.1703 172.6267 166.57701 तरह
371.84668 416.95905 411.72937 366.617 137.72377 143.61934 183.6363 177.74074 एक
39.40373 104.62685 113.6508 48.427685 302.67966 294.32523 364.77512 373.12955 उनकी
53.64796 111.33188 120.90254 63.218624 391.69803 384.17038 457.51004 465.0377 इतनी
218.96875 273.17615 267.72226 213.51488 25.331062 30.284027 89.973305 85.02034 जब
116.04625 198.33427 206.70668 124.418655 242.55109 235.89575 339.414 346.06934 किस
135.1759 215.67459 220.30072 139.80203 402.44168 396.95755 464.86185 470.34598 जगह
381.52258 423.6563 417.31604 375.1823 6.4656754 12.119293 59.37023 53.716614 घुस
375.32428 420.18573 413.91534 369.0539 58.700012 64.734634 111.34877 105.31415 सके
229.0069 336.5429 347.78674 240.25073 265.46097 258.20236 424.7797 432.0383 आगे
