63.542637 129.48067 140.71475 74.77672 394.98898 386.97275 479.37967 487.3959 झुक
397.89426 442.58725 439.6276 394.9346 44.81215 50.695892 73.177414 67.29367 उसका
392.19296 418.64798 414.77823 388.3232 86.45239 90.238144 117.28026 113.49451 एक
388.6065 414.01782 409.35706 383.94574 117.05446 120.69939 153.19304 149.54811 और
151.39516 215.66197 220.95049 156.68367 269.84427 265.1014 336.76144 341.5043 मार
273.10742 315.12567 309.84912 267.83087 11.6861725 16.21711 65.15016 60.619225 पर
264.92447 375.3782 366.89188 256.43814 101.94913 116.4079 181.237 166.77823 मुकदमा
108.971466 154.12476 152.01294 106.85965 170.48865 179.31863 190.11761 181.28763 बच
278.89148 335.45917 338.30835 281.74066 206.01491 203.59952 270.3269 272.74228 सबसे
282.89447 325.6953 328.33575 285.5349 323.21164 320.2679 358.65958 361.6033 बङा
286.5884 378.56528 382.32346 290.3466 388.34158 382.17813 438.26126 444.4247 आन्दोलन
395.46973 425.04053 424.5852 395.0144 398.24152 398.5965 436.52032 436.16534 बन
205.44603 254.11424 249.8351 201.16689 8.819565 12.8600235 64.40317 60.36271 उस
199.231 250.66588 244.78181 193.34694 107.09419 113.796616 158.95152 152.2491 जन
