153.14024 196.28523 196.36699 153.222 9.89267 9.620438 22.576355 22.848587 वह
271.2548 394.5389 388.86398 265.57986 117.57828 125.33157 215.56738 207.81409 वह
451.5152 534.997 535.0236 451.5418 40.081043 40.037086 90.523834 90.56779 अमर
565.0278 594.13007 591.8193 562.717 19.328285 20.28051 90.90332 89.951096 ने
140.94212 209.80699 210.0566 141.19173 29.301414 28.088326 42.25734 43.47043 वक्त
393.45038 447.07416 445.39752 391.77374 160.4099 163.62074 191.62196 188.41112 जल
388.23755 439.75885 437.3305 385.8092 211.77405 215.20114 251.70755 248.28046 भुन
379.48685 425.43277 423.48666 377.54074 262.4395 265.70905 293.057 289.78748 कर
492.70715 596.71204 597.08167 493.07678 93.74352 93.12753 155.5427 156.15868 ईमानदार
223.18367 302.38635 302.6317 223.42903 27.362467 26.774517 59.82897 60.41692 बस
224.78122 261.2661 259.75488 223.27 213.85193 216.2753 239.02716 236.60379 घर
561.783 596.8005 595.47455 560.4571 159.01656 160.18309 199.9839 198.81737 पर
