97.76164 157.85529 155.19087 95.09724 164.6864 176.46896 190.05798 178.27542 एक
456.37625 511.22263 504.79623 449.94986 11.119301 18.362427 67.02448 59.781357 उस
440.77866 492.76138 487.0187 435.03598 106.181076 112.99556 156.80202 149.98753 जन
30.772621 80.618416 90.44369 40.597893 345.8032 338.69315 407.57437 414.68442 लिए
271.32648 367.2638 358.8246 262.88727 39.248337 51.8049 116.283905 103.72734 चकित
387.34665 438.15103 432.10666 381.30228 73.2088 79.882 125.89903 119.22583 कर
335.9117 424.35684 426.6323 338.18716 220.10788 218.64243 355.97562 357.44107 उसी
272.7088 336.72107 330.64197 266.6297 108.58264 116.92819 163.5564 155.21085 उसके
352.36588 386.74417 382.44247 348.06418 132.91685 137.41039 170.3213 165.82777 मन
95.79347 233.20778 243.53465 106.120346 261.85284 252.07147 397.14886 406.93024 जान
552.50366 595.4453 598.89124 555.9496 563.3087 547.43274 556.7534 572.6294 कर
553.3302 595.91064 599.23096 556.6505 583.2574 567.9986 577.2641 592.5229 कर
