46.09218 82.80693 85.900406 49.185654 242.09525 234.95258 250.85364 257.9963 मत
121.315414 222.28636 231.69905 130.7281 294.0104 286.80112 418.63278 425.84207 कभी
326.5001 349.53226 345.52048 322.4883 71.3027 74.17452 106.34893 103.477104 और
352.45132 372.51328 369.33286 349.2709 82.600945 85.233284 109.472435 106.840096 यह
320.04227 363.71274 360.6497 316.97922 120.61511 126.32672 149.74652 144.03491 समस्या
368.33536 386.62442 383.44455 365.1555 126.84627 129.32335 152.80156 150.32448 तब
242.69974 300.8983 306.64932 248.45078 192.80049 189.36716 286.85315 290.2865 कई
249.89569 307.31946 312.0725 254.64874 314.7804 311.39276 391.96155 395.34918 दिन
97.89357 153.31096 150.51463 95.097244 164.0135 174.8792 189.14113 178.27544 वह
409.08002 464.93958 454.35803 398.49847 109.92117 118.390625 188.18024 179.71078 कोई
364.40228 396.31268 396.4746 364.5642 326.0971 325.9839 371.628 371.7412 वह
408.93784 523.91626 526.99414 412.01566 322.2107 314.3376 359.28577 367.15887 यथासाधय
218.60977 269.69775 264.27927 213.19127 102.77698 107.52179 165.86359 161.11877 उसी
