203.78946 275.97943 266.95197 194.762 18.442032 27.89582 96.83035 87.376564 बहुत
201.73572 254.53494 248.70316 195.90393 88.803955 93.34407 161.16464 156.62453 और
276.42523 346.9182 341.20972 270.71674 120.21936 129.40399 173.2175 164.03287 सरल
244.4563 385.4981 396.34027 255.29846 248.14088 239.72055 421.32727 429.7476 फिर
360.9878 389.14545 384.73505 356.5774 64.43142 68.13145 101.695244 97.99522 और
354.70157 383.783 379.8618 350.78036 107.03743 110.84622 140.78577 136.97697 उसी
348.00836 378.61475 375.32104 344.71466 153.03894 157.03314 182.27173 178.27753 तरह
388.69098 440.5008 437.20844 385.39862 158.3481 165.10936 190.33769 183.57643 व्यवहार
106.06717 155.83167 153.41452 103.65002 164.24352 174.12892 186.29723 176.41182 कर
39.264587 181.48935 198.0462 55.82144 307.0213 294.04865 475.5683 488.54095 कम
274.7767 350.32718 343.12088 267.5704 52.83638 62.721954 117.79588 107.91031 पता
52.169327 83.02075 86.30696 55.455536 240.92725 234.92068 251.79965 257.8062 पर
