198.63467 272.77332 264.28604 190.14738 46.028534 55.719635 120.64877 110.95767 तक
305.9994 455.76093 443.1989 293.43738 27.81192 47.535103 142.9205 123.19732 बातचीत
228.08823 368.17374 380.7183 240.63278 213.34822 204.06064 393.2721 402.55966 गले
97.6136 156.60623 153.2903 94.29767 161.87457 173.41092 190.3674 178.83105 इस
442.84195 488.07584 479.20242 433.96854 107.4778 114.971115 168.53587 161.04256 पर
45.97104 142.79405 147.11238 50.289368 269.28888 262.40485 323.14178 330.02582 सोचकर
154.44984 226.53664 230.65471 158.56792 263.07178 257.9488 315.89532 321.0183 विनय
56.01844 111.04136 119.14449 64.121574 338.7569 331.75256 395.40704 402.41138 पहले
46.693657 83.4045 86.49569 49.784843 240.94792 233.81137 249.7126 256.84915 जब
120.28957 208.73428 218.39001 129.94531 404.23883 396.96832 514.4288 521.6993 इतना
