266.31094 301.52457 298.0258 262.81216 19.304726 23.933899 50.54869 45.919518 कम
261.18536 322.59833 317.97003 256.55707 77.42987 85.461716 120.850525 112.81868 फुरसत
335.05225 380.95673 376.11707 330.2126 77.95558 83.97984 120.85794 114.83368 रहती
62.369602 85.44644 89.44211 66.365265 375.06805 371.7776 399.80035 403.09082 कह
97.23443 117.44488 120.92985 100.7194 372.66888 370.1114 397.65143 400.20892 रहा
112.689224 150.19026 148.08977 110.58873 171.95128 179.26552 190.03502 182.72078 और
336.18076 393.5024 385.31265 327.991 17.794983 25.352081 87.47236 79.91526 पहले
324.904 363.74884 357.96222 319.11737 114.648544 119.73158 163.9533 158.87025 एक
378.09662 448.74683 441.45966 370.80945 107.529205 116.78409 172.41306 163.15817 चिलम
282.11972 392.1141 398.67844 288.68405 281.28845 273.7603 369.6728 377.20093 सबसे
405.55655 583.83704 592.27356 413.99307 269.4113 257.3041 381.5336 393.64078 महत्वपूर्ण
38.365158 165.77751 172.28201 44.86966 279.63773 270.60556 362.36142 371.3936 शायद
60.04486 119.1199 129.79102 70.71597 424.36554 416.76276 499.67957 507.28235 वह
147.41357 207.67847 213.71857 153.45367 418.4447 413.41687 485.81506 490.8429 घर
