298.59305 429.36154 412.78433 282.01584 27.65503 44.875793 170.75757 153.5368 अनुमान
99.30487 148.4114 145.35406 96.247536 162.90788 172.53621 188.12929 178.50096 रह
30.571358 195.80919 215.48758 50.24974 284.32315 270.54156 506.4797 520.2613 अम
459.83386 493.56805 487.55542 453.82123 18.518707 24.137856 60.234337 54.61519 फिर
449.94934 500.5849 497.34277 446.7072 72.657166 79.31259 103.97896 97.32353 उठकर
445.8304 470.62808 464.84244 440.04477 102.587814 106.718414 141.45212 137.32152 बैठ
304.98972 355.58847 358.00113 307.40237 210.89166 209.3353 287.77267 289.32904 यह
375.90622 435.04324 434.89743 375.7604 203.5076 203.62228 278.82474 278.71005 इस
310.44983 373.58563 375.64282 312.50702 388.40405 386.46204 453.34326 455.28528 तरह
392.27472 435.80267 435.2398 391.71185 381.77502 382.2237 436.83533 436.38666 का
212.31335 301.6693 294.90106 205.54512 90.44609 102.10019 153.9945 142.34041 घटना
135.77853 159.03827 157.71707 134.45734 175.20479 179.83717 186.47112 181.83873 यह
176.81918 255.24173 263.38925 184.9667 228.68471 223.0567 336.5866 342.2146 रहा
