207.81595 306.3441 312.35593 213.82779 333.5008 326.65424 413.1709 420.01746 आसान
299.1714 367.088 360.5155 292.59888 56.574966 65.49928 115.51796 106.59364 ट्यूमर
383.33237 425.44327 418.631 376.5201 49.96492 55.747665 105.355545 99.5728 और
293.16898 378.48825 371.626 286.30673 114.81833 125.979095 178.43799 167.27722 तपेदिक
97.48241 154.80463 151.61987 94.29766 162.5454 173.75508 190.04079 178.8311 एक
17.281609 83.30713 87.60508 21.57956 310.5812 305.94223 367.1138 371.75278 सबसे
34.285904 79.877815 82.64809 37.056175 409.83612 406.7306 447.40057 450.5061 बङा
48.378826 147.91003 151.46037 51.929165 473.6471 467.00507 520.2073 526.8493 आन्दोलन
160.91852 194.31274 197.89926 164.50504 479.48346 476.37067 514.84717 517.95996 बन
222.38257 296.14117 289.34485 215.58623 4.448311 14.132458 65.89636 56.212215 जंगल
220.2962 283.46155 276.46356 213.29822 79.61508 87.85968 141.47433 133.22974 अपने
310.90405 447.41547 453.20282 316.6914 226.98796 223.13275 428.05853 431.91376 पटका
392.41705 457.63336 450.98566 385.76935 110.17728 118.71982 169.47015 160.92761 सत्र
