219.04094 259.52853 255.7394 215.2518 14.172783 17.629356 62.012535 58.55596 वह
213.54657 261.9203 257.0647 208.69098 93.943115 100.25777 137.4544 131.13976 एक
276.29987 338.28412 333.2729 271.28864 102.15854 110.249146 148.64166 140.55106 तरफ
358.14725 423.64706 416.78812 351.2883 97.42381 106.008896 158.33931 149.75423 अच्छी
435.83972 489.40668 484.22955 430.6626 123.04489 130.05768 169.60297 162.59018 तरह
129.00066 185.90361 192.41588 135.51292 259.18887 254.21408 328.70322 333.678 सूरत
136.88676 209.76851 216.17299 143.29124 328.08078 322.3436 403.70267 409.43985 इसकी
148.96902 236.8866 240.28323 152.36566 433.62967 427.70035 478.06412 483.99344 भयानक
288.38577 358.5565 349.53085 279.36014 2.907692 11.69207 83.78989 75.00551 उनकी
285.48846 357.89966 362.16565 289.75446 293.11053 290.1186 393.36346 396.3554 आईं
387.99506 454.3241 453.5744 387.24536 282.83493 283.35092 379.72733 379.21133 और
438.77667 503.34308 491.187 426.6206 18.286018 28.489067 105.41433 95.21128 और
31.02338 135.22281 150.28946 46.09003 397.2129 384.85864 511.93506 524.2893 फल
44.064133 81.80395 84.89833 47.158516 242.48502 235.14288 251.04855 258.3907 लग
