14.676315 105.95192 110.49668 19.221073 317.64105 311.2414 376.0611 382.46075 बन्धन
31.484722 60.95934 74.18454 44.70992 414.7041 410.05322 493.8667 498.51758 से
92.04993 166.68982 170.40292 95.76303 437.46844 432.43457 487.49078 492.52466 ऊपर
252.72284 387.18207 372.7038 238.24455 36.531662 54.218445 164.28607 146.59929 मेहनत
231.12628 286.17328 290.604 235.557 333.23248 329.4508 393.94586 397.72754 उन
195.07437 243.75336 240.31223 191.63324 29.757584 36.14749 62.362457 55.97255 सदस्य
192.44612 221.90315 218.43132 188.97429 73.886856 77.7404 104.279526 100.42598 एक
117.95157 153.05148 150.9534 115.85349 172.3177 179.18169 189.91045 183.04646 इस
340.01205 431.16995 435.22098 344.06308 252.46928 246.10876 304.1678 310.52832 उसका
344.73743 388.79095 389.6577 345.6042 361.0285 360.44025 425.35022 425.93848 एक
