473.18164 587.7462 587.48096 472.9164 11.614311 11.88102 125.81861 125.5519 वह
350.02686 395.66943 395.77454 350.13196 4.5838795 4.4569435 42.250587 42.377525 और
90.769196 174.55695 174.63077 90.84302 8.141623 7.715044 22.215208 22.641787 बाँटकर
336.35886 393.7319 382.6111 325.23807 378.2845 393.6728 435.13495 419.74664 कहा
319.5489 362.79285 346.01526 302.7713 454.2376 467.50623 522.1863 508.91766 झूठ
7.436165 90.68528 87.76066 4.511546 473.476 482.32977 509.8291 500.97534 सचेष्ट
223.30489 280.60797 281.04694 223.74382 6.072916 5.098654 30.915125 31.889387 कर
138.60358 302.16455 271.57513 108.014145 354.21973 398.0996 512.12085 468.24097 माल
46.386597 97.128235 94.59961 43.857975 453.51822 459.4232 481.15182 475.24686 पर
401.61618 483.1951 465.39566 383.81674 393.37903 415.26086 481.61993 459.7381 अपने
490.61224 560.95447 547.80206 477.4598 435.82162 454.68948 503.72385 484.856 आप
