43.65158 75.591866 78.8799 46.939613 241.53212 235.3183 252.2194 258.43323 पर
33.25125 79.79943 88.030785 41.482605 382.70908 375.92697 432.4219 439.204 बाद
106.033775 143.48538 149.72067 112.269066 377.70917 373.4483 428.2544 432.51526 वह
169.4628 211.96786 215.94089 173.43582 373.35187 369.97314 419.95435 423.33307 उठ
371.2647 460.58905 456.65784 367.3335 8.553993 20.342606 50.130188 38.341576 वक़्तपरस्त
368.2594 401.75317 396.42682 362.93304 44.166298 48.560783 89.15696 84.762474 और
209.76721 357.0382 374.16052 226.88953 202.92514 192.28293 429.2283 439.8705 और
257.44165 310.0852 303.55487 250.91132 30.665428 36.28032 97.506874 91.89198 और
249.18051 329.76675 324.53244 243.9462 118.674255 129.17535 169.34369 158.84259 समाज
19.429905 127.12111 131.54323 23.852024 305.8199 298.24286 361.09412 368.67114 अन्याय
39.416946 78.00006 86.874115 48.291 453.5504 447.68402 506.0487 511.9151 पर
95.58036 159.04282 162.694 99.23154 449.77756 445.51443 499.8671 504.13022 डटा
402.62018 424.60815 421.1917 399.20374 104.67952 107.946365 130.94121 127.67436 यह
