261.68726 341.136 326.22266 246.77393 35.01219 44.52504 169.07751 159.56467 गए
349.4807 426.62207 427.5105 350.36914 246.33482 245.53171 330.86713 331.67026 उसके
348.2247 400.4628 403.6475 351.4094 384.1947 380.68457 428.0788 431.58893 बाल
356.1215 426.55972 421.75186 351.31363 48.78543 58.051834 94.59866 85.33226 कहकर
441.675 487.39655 479.60834 433.88678 45.15943 52.51835 100.90702 93.5481 गोपी
352.10944 441.2174 433.69788 344.5899 93.258545 104.94098 162.29633 150.61389 आग्रहपूर्ण
159.01982 204.19695 210.19594 165.01881 360.2869 356.54605 428.99387 432.7347 उसे
98.566025 158.5921 155.92213 95.896065 164.13857 175.93877 189.52046 177.72026 बजा
200.36319 240.4079 236.37918 196.33447 40.386887 43.528473 94.88121 91.739624 हर
66.10066 134.29887 142.51292 74.31471 311.17255 303.37372 375.2032 383.002 जगह
82.178024 146.3453 155.7694 91.60211 433.07117 425.66962 507.37152 514.7731 मधुर
