289.0893 386.2127 392.08612 294.9627 326.27692 319.7046 406.49982 413.07214 समझे
82.04706 121.99225 127.73547 87.79028 397.1513 392.13196 437.83795 442.8573 राव
135.26997 185.41078 192.20241 142.0616 376.23718 371.58502 444.7849 449.43707 रईस
202.17381 233.08736 236.73936 205.82582 388.94464 386.79425 439.29443 441.44482 हर
260.23035 389.0036 372.7508 243.97754 34.820526 51.76288 175.29529 158.35294 उसके
109.288315 156.46446 153.69096 106.51482 166.36864 175.61845 189.7639 180.51408 पर
30.824497 99.25012 102.59537 34.169743 286.07156 281.22952 328.50302 333.34506 आकर्षित
40.31183 79.282646 86.802986 47.83217 348.4675 342.87167 395.24557 400.8414 करने
95.82894 124.18824 130.39319 102.0339 344.61368 341.16983 392.2662 395.71005 और
53.02487 77.77351 83.67935 58.93071 426.37793 422.66028 461.97583 465.69348 इस
201.94116 262.25967 257.23032 196.9118 14.927032 22.84687 61.151253 53.231415 करना
