308.71875 371.56067 374.25848 311.41656 246.64514 242.22327 280.56354 284.9854 समय
310.70685 371.56445 374.0564 313.1988 310.82608 306.624 342.7145 346.9166 समय
380.9008 410.04147 409.86472 380.72403 303.80826 303.9376 343.75308 343.62375 पर
314.1351 349.84012 351.30582 315.6008 356.30115 355.28534 406.80414 407.81995 कई
102.87831 150.74266 148.34541 100.481064 166.42708 175.83644 188.03099 178.62163 वह
209.67274 257.7827 252.0995 203.98952 54.37784 60.67375 104.10199 97.806076 हुआ
204.70747 251.7744 247.64882 200.5819 117.63928 123.77432 155.42505 149.29001 मगर
262.95895 324.23672 318.03763 256.75986 113.909195 121.89363 169.46965 161.48521 ठहरने
335.04398 368.81802 363.3901 329.61606 124.6012 129.01779 170.52567 166.10907 की
380.13058 459.3378 453.12338 373.91617 129.23308 139.5919 187.10936 176.75053 मोहलत
44.12581 105.22987 107.54437 46.440308 496.57288 492.52478 527.4606 531.50867 धीरजगंज
352.05127 404.16882 399.76965 347.6521 22.092133 28.961998 62.335754 55.46589 समय
345.71667 406.80615 400.95428 339.8648 73.5617 81.58228 126.15331 118.13273 नकली
110.68667 275.29767 286.69443 122.08343 263.79013 252.08334 412.3348 424.0416 अनुभव
