467.49002 553.99023 554.0608 467.56052 45.60683 45.51329 110.697525 110.79106 एक
170.5372 212.4986 212.8595 170.8981 39.609695 38.600082 53.600197 54.60981 उसी
210.49127 284.83878 285.88733 211.53983 10.558831 8.754227 51.952805 53.75741 कई
540.4065 595.83154 596.2124 540.78735 112.08838 111.65585 160.46384 160.89636 उस
5.2004547 110.44603 105.39209 0.14651346 463.32623 474.0951 523.488 512.7191 छत
365.13885 410.57196 410.63678 365.20367 4.5418506 4.415495 27.712494 27.83885 अगर
115.54952 203.90875 203.96356 115.60433 3.2627401 3.0548916 26.351105 26.558952 कर
296.83566 339.54514 339.61386 296.9044 52.982967 52.816757 70.48067 70.64688 भीतर
390.97406 459.0761 456.6399 388.53784 151.83672 155.94456 196.33366 192.22581 सब
28.797615 109.04373 105.2192 24.973083 436.47137 445.9192 478.4032 468.95538 आये
267.8361 386.69138 381.3931 262.5378 101.88437 109.11188 196.24149 189.01398 खुद
