360.26764 434.20728 421.48187 347.54224 4.0310516 13.791527 110.19172 100.431244 और
42.63698 80.60748 83.895996 45.92549 241.727 234.34 251.24358 258.63058 मत
317.75363 422.58487 425.54556 320.71432 268.1219 265.4438 381.33807 384.01617 पहले
285.75046 335.31375 329.1326 279.5693 31.407242 37.907776 85.03604 78.53551 लिए
277.38428 321.11353 315.9702 272.24097 118.07242 123.11197 167.74149 162.70193 कुछ
75.99511 95.17033 97.092735 77.91752 240.45729 236.73244 246.62892 250.35378 वह
129.29175 181.95688 189.30176 136.63663 276.15198 271.41156 353.01135 357.75177 और
202.40445 297.41995 302.82938 207.81387 275.405 268.68436 345.16214 351.88278 मसखरे
426.28146 468.58438 459.86563 417.5627 75.9288 82.554245 138.22282 131.59738 ऐसा
412.93814 459.61972 455.84586 409.16428 156.31453 162.40898 191.31544 185.221 कहा
28.853775 149.69142 164.65562 43.817978 388.08383 374.70166 509.8243 523.2065 बाप
