325.92346 384.95587 387.28577 328.25336 418.60117 414.65982 449.55637 453.4977 आवाज
46.092186 79.79986 82.89335 49.185677 242.09525 235.53757 251.43863 257.9963 यह
326.813 381.2489 371.68933 317.25342 14.627037 21.80474 94.304596 87.12689 और
312.77844 357.88733 351.03265 305.92377 118.39807 124.2984 176.70346 170.80313 वह
102.4597 152.66336 149.98674 99.78307 163.51959 173.44049 186.98526 177.06436 वह
313.63748 356.5201 358.42032 315.5377 301.75262 300.55438 368.56128 369.75952 चले
217.87009 232.53604 231.05496 216.389 142.71819 143.86876 162.74739 161.59682 सीर
564.31274 596.5292 599.5559 567.3395 578.1967 566.6318 575.0633 586.62823 यह
106.17905 234.39581 244.4979 116.28113 308.07312 299.07477 443.01837 452.01672 सभी
426.66077 479.25262 473.46912 420.87726 96.522705 103.42114 147.51318 140.61475 शहर
