44.287323 77.157265 79.47624 46.6063 245.53807 239.14822 251.07722 257.46707 अपना
368.09012 410.51633 410.61667 368.19046 260.16452 260.0925 319.20383 319.27585 व्रत
368.23645 413.18658 413.27734 368.3272 346.37845 346.30215 399.7784 399.8547 रख
245.86539 290.38358 284.93802 240.41983 75.42076 79.89058 134.12665 129.65683 रखे
31.586006 92.21808 101.96752 41.335445 424.49915 415.86877 484.3629 492.9933 इसने
372.67508 467.4189 459.42038 364.67654 21.502617 33.953117 94.81905 82.36855 खत्म
362.39227 451.32916 440.8548 351.9179 99.53406 111.18967 191.1131 179.45749 करने
98.85814 149.57475 147.31535 96.59874 167.72731 177.64522 189.19899 179.28108 रहना
98.601524 141.67926 149.59897 106.52122 278.91626 274.2094 346.69116 351.398 और
112.49336 175.49232 178.55705 115.55809 395.86124 391.55838 436.42972 440.73257 करता
123.837616 157.07584 161.61163 128.37341 482.66962 478.91595 519.0795 522.8332 मन
206.97992 260.7375 256.34375 202.5862 5.448967 12.533691 45.872414 38.78769 महत्व
203.60715 243.2573 239.40216 199.75201 58.335358 63.527924 92.965454 87.77289 तथा
