390.38947 483.71985 475.1009 381.7705 78.63513 90.889435 156.53265 144.27835 मन
53.23837 117.657104 130.52744 66.1087 271.75485 264.01852 371.1866 378.92294 और
152.41061 205.71066 211.59549 158.29544 302.81558 298.56387 372.3367 376.5884 यह
72.886536 172.29709 178.02228 78.61172 423.23883 416.5014 500.976 507.71344 उनकी
101.73689 147.54242 145.14319 99.337654 166.19228 175.19691 187.40147 178.39684 वह
546.9683 594.59076 599.7918 552.1694 576.9744 559.6794 574.0008 591.29584 पर
49.73309 81.61313 84.898346 53.018307 240.36423 234.16208 251.04855 257.2507 छह
302.8891 375.52905 366.3026 293.66266 91.9948 101.51442 171.91698 162.39735 वक्त
284.52008 436.0409 444.04053 292.5197 243.81834 237.63342 433.61273 439.79767 कला
193.2452 243.78624 238.91365 188.3726 24.654999 28.665535 90.07018 86.05965 पर
