243.24246 310.4931 302.63174 235.38112 48.425842 57.222168 117.3244 108.528076 एक
330.48694 399.10504 390.88757 322.26947 59.89058 68.90761 131.44139 122.42436 तरह
420.6417 472.38632 463.96005 412.21542 70.57199 78.537415 133.27563 125.31021 का
96.82472 156.37534 153.84828 94.29767 165.90863 177.55408 190.47653 178.83109 आप
124.7941 249.38162 261.17136 136.58383 253.76659 244.88223 410.21234 419.0967 सत्य
294.6944 346.60736 349.4552 297.54224 237.08096 235.21518 314.45163 316.3174 पर
373.63525 467.10175 472.71716 379.25067 230.07861 223.56207 304.1042 310.62073 साथ
185.94626 239.42593 234.84146 181.36179 23.694626 27.842072 86.957 82.809555 वह
53.59238 78.71904 80.450134 55.323475 241.68446 236.81834 245.757 250.62312 गया
305.17926 361.90698 364.27985 307.55212 319.68762 315.77893 350.21704 354.12573 उपनाम
373.44818 445.50824 448.25372 376.19366 314.91406 309.95715 349.86975 354.82666 समझकर
309.64633 331.55746 332.69846 310.78732 399.66614 398.97943 435.38556 436.07227 हर
343.5676 389.209 391.43253 345.7911 398.13165 395.06396 428.14587 431.21356 गजल
