309.38843 421.3847 409.4486 297.45233 71.95671 86.65744 177.59134 162.89061 शब्द
35.38646 125.15761 138.95259 49.181442 280.44034 269.9482 387.97867 398.4708 और
62.161766 212.854 217.42844 66.7362 455.5044 445.39282 513.56525 523.6768 माध्यम
290.46774 337.76675 330.22726 282.92825 4.5711746 10.091423 74.69202 69.17177 दिए
313.29953 386.28226 390.06784 317.0851 220.26253 218.28882 358.27026 360.24396 गई
101.0685 156.05157 153.52548 98.542404 166.06729 176.84781 189.73145 178.95093 जाए
41.622066 71.572815 74.86182 44.911068 241.92192 236.09512 253.00111 258.8279 यह
434.67795 494.71927 484.33676 424.29544 81.3797 91.01425 155.71657 146.08202 कुछ
557.56854 594.7868 597.80536 560.5871 581.5517 568.21063 576.63165 589.9727 कर
550.6663 573.7338 569.28143 546.2139 321.40128 323.40756 374.59933 372.59305 बेर
