500.36194 566.5526 566.44666 500.256 15.715813 15.843025 70.973595 70.84638 लपट
145.93097 198.71838 198.80643 146.01901 8.483864 8.195822 24.329979 24.618021 ओर
144.91466 193.24611 193.42482 145.09337 31.532204 30.615639 40.039474 40.95604 चल
351.06876 396.1335 396.21738 351.15262 14.488211 14.399239 56.868996 56.95797 और
336.51035 441.74997 437.33615 332.09653 128.15242 134.62932 206.34737 199.87047 पर
188.4508 228.71973 221.34247 181.07355 409.83112 420.6325 448.1358 437.3344 मदद
174.97789 240.53017 233.87627 168.32399 468.09418 485.6798 510.48303 492.8974 उपलब्ध
214.37537 300.38434 300.7254 214.71643 18.50162 17.674438 53.14044 53.96762 बात
513.80286 567.1089 566.46423 513.1582 100.15393 100.77017 156.53 155.91376 गोद
240.30707 342.16675 339.60315 237.74348 183.93132 190.53596 230.07237 223.46773 जबकि
179.97937 253.96835 231.9917 158.00272 268.81827 287.27805 375.36325 356.90347 ढंग
434.79016 464.88513 464.8941 434.79913 19.236374 19.22292 39.28106 39.294514 साल
435.35556 455.4932 455.86588 435.72824 44.850025 44.578003 72.16579 72.43781 कि
464.31558 494.80734 494.8456 464.35385 52.68991 52.6353 74.005806 74.06042 हसन
428.49472 503.9188 489.6732 414.2491 358.53638 378.76483 431.88123 411.65277 जगह
523.29694 571.7551 548.4438 499.9856 377.60126 396.95587 455.32043 435.96582 दस
400.48456 473.32703 460.21576 387.3733 439.67072 459.21045 508.08813 488.5484 बारह
