186.44116 257.76025 262.55927 191.24017 229.53528 224.4194 291.32117 296.43704 आज
277.97894 350.83167 355.6443 282.79156 222.8627 217.74313 286.22845 291.34802 कल
193.15114 309.7728 315.57703 198.95538 338.6906 330.59723 414.2334 422.32678 एडवेंचर
299.63596 367.79648 362.24173 294.0812 23.42096 32.370667 74.6752 65.725494 कारण
293.35986 353.5302 346.0357 285.86536 85.03604 92.88985 150.30754 142.45374 शरीर
374.28183 479.31723 471.95554 366.92014 95.64569 109.41681 165.56598 151.79486 सनसनाने
383.50647 496.5797 501.56616 388.49292 269.50055 261.6931 333.91016 341.7176 असम्भव
98.10579 147.55307 144.89644 95.44915 165.47112 175.1408 188.72594 179.05626 पर
205.12973 293.82214 285.0691 196.37668 11.245346 22.868683 89.659424 78.03609 जगह
32.469315 75.59397 83.71292 40.588264 453.02063 446.41437 499.41357 506.01984 पर
96.41788 174.56683 178.38184 100.23288 448.7235 443.47217 500.2459 505.49725 गहरा
189.22073 224.29993 220.94199 185.8628 80.98004 83.54273 129.50766 126.94497 इसी
