244.46552 362.59753 369.25275 251.12073 283.04654 274.9628 372.2194 380.30313 जाओ
389.55807 472.14108 471.24716 388.66415 266.5413 267.23984 372.92056 372.22202 और
304.49734 342.28702 336.8751 299.08542 92.46442 97.10693 141.15945 136.51694 हर
369.23392 457.65555 449.04678 360.62515 77.440796 89.049164 154.62265 143.01428 स्टेशन
548.4901 596.145 601.1311 553.4762 567.0505 549.4925 563.02545 580.58344 इन
38.724617 113.46665 124.4257 49.683662 329.86172 320.48727 407.86307 417.23752 कभी
57.12212 144.98038 150.25203 62.393772 443.0993 437.18 515.4254 521.3447 उसके
162.34003 205.87741 210.66821 167.13083 458.43665 454.68573 510.29346 514.0444 घर
432.06 482.84833 473.66205 422.87372 46.659485 54.638763 113.109604 105.130325 वह
213.83798 256.724 251.74792 208.86191 2.7701263 6.3663483 65.70767 62.11145 यह
