207.43604 302.27698 294.55383 199.71289 64.36076 76.74733 135.88148 123.49492 बदल
334.69812 457.09802 449.83307 327.43317 81.05797 97.11723 152.48888 136.42961 सकता
105.17414 269.79303 278.13168 113.512794 263.5834 251.87393 369.10373 380.8132 खास
310.8602 427.12686 430.62015 314.3535 243.99477 240.68274 363.31268 366.6247 कर
408.3321 479.99506 472.55426 400.8913 10.375839 19.835785 76.20285 66.742905 आप
35.22708 94.485565 107.57979 48.321304 431.92276 423.52356 515.9072 524.30646 दिन
219.36426 275.9182 270.60925 214.0553 131.78812 139.14764 179.94406 172.58453 हालत
552.92755 594.80853 599.3217 557.44073 584.1465 569.1559 581.765 596.7556 पर
97.02319 127.79712 126.31828 95.54436 169.43597 175.50146 183.00449 176.939 एक
90.25531 205.77792 217.18097 101.658356 385.20483 375.63904 513.3496 522.9154 अपने
