207.7649 284.28806 279.3888 202.86563 45.63034 55.65573 93.05142 83.02603 तकलीफ
295.27567 324.10855 320.54172 291.70883 67.7312 71.01811 102.3064 99.019485 इस
203.47777 238.94649 234.64134 199.17262 111.439514 116.06442 149.08078 144.45587 तरह
250.2714 284.85425 281.202 246.61913 117.55676 121.008575 157.59985 154.14804 कुछ
297.72455 331.0409 327.6833 294.36694 123.76027 128.10695 153.84203 149.49535 कम
343.72775 371.822 368.45932 340.36508 129.77419 133.44691 159.1693 155.49657 कर
20.999191 116.547424 122.67015 27.121918 363.0037 356.39792 444.95956 451.56534 एक
152.58536 279.83905 285.98282 158.72913 353.90643 345.1087 433.97455 442.77228 गलत
331.6284 481.03433 466.28232 316.87637 11.387344 31.093216 142.94002 123.234146 जगह
379.71423 418.96796 412.09796 372.84424 133.58507 139.10667 187.94627 182.42467 यह
345.18686 424.5336 425.81418 346.46744 337.5115 336.48166 435.14755 436.1774 पाप
98.035965 156.67923 154.53934 95.89608 166.83495 178.3633 189.24861 177.72026 साथ
