98.288666 155.5448 152.35336 95.09724 161.99849 173.22472 189.50166 178.27544 वह
190.80383 229.79361 233.29697 194.30719 239.3393 236.55087 285.53717 288.3256 उस
196.54568 262.45023 267.7958 201.89127 299.13977 294.51105 370.6219 375.2506 खँडहर
275.7102 309.2257 311.88782 278.3723 304.27115 302.72092 360.27554 361.82578 की
320.22098 375.37027 378.49173 323.34244 314.68292 310.89124 356.2921 360.0838 तरफ
284.99533 376.0438 370.95578 279.90732 14.90535 26.9054 65.51007 53.51002 अपना
53.178368 111.314064 121.51856 63.382866 434.52255 426.76993 503.29178 511.0444 यह
133.83334 198.97574 205.02823 139.88583 429.0735 423.32135 491.86536 497.6175 सच
200.80054 313.57574 299.37347 186.59827 4.359314 16.450577 148.9152 136.82394 ओर
370.52954 492.89197 475.98163 353.6192 26.728394 42.73575 172.00052 155.99316 आने
399.1023 501.19604 499.07898 396.98523 225.62567 226.9253 393.23175 391.93213 बनने
400.73013 461.08096 453.8303 393.47946 12.163887 20.128883 75.06743 67.10243 रचना
