180.13554 281.1624 288.02338 186.9965 227.5211 220.26895 315.846 323.09818 इतना
314.55368 372.1675 374.50772 316.8939 215.25725 213.73618 302.37677 303.89786 वह
191.7294 275.7502 280.4574 196.43658 357.75793 351.96082 420.18475 425.98187 स्पष्ट
257.74976 384.4856 367.46582 240.73 3.029358 19.743378 148.79749 132.08347 एक
526.19977 593.2305 585.8703 518.83954 296.11203 301.0839 400.31442 395.34256 बात
398.01285 443.68875 436.077 390.4011 13.332535 19.783058 73.68149 67.230965 वह
387.84464 447.91306 438.28384 378.21542 85.333084 93.81618 162.00021 153.51712 कौन
47.053288 95.47191 98.301056 49.882435 369.09668 365.7574 406.779 410.1183 अब
109.04031 149.75262 155.14578 114.43347 364.82162 360.34622 409.40732 413.88272 यह
456.88004 499.41318 494.2726 451.73947 23.74784 29.359509 68.32202 62.710354 साथ
42.63698 82.61189 85.900406 45.92549 241.727 233.95007 250.85362 258.63055 भला
110.20064 156.2544 153.4532 107.39945 163.7249 172.84944 186.98766 177.86311 और
