226.80423 331.32217 316.8373 212.31937 8.611816 20.588806 146.99171 135.01472 और
101.60463 145.71977 143.4528 99.33766 166.86504 175.53737 187.0692 178.39687 उन
234.02725 299.6846 303.4606 237.80325 275.15518 270.59006 324.89786 329.46298 आज
321.15057 375.4616 376.82507 322.51404 268.00903 266.70898 323.67163 324.97168 तक
400.08984 456.83582 455.8081 399.06213 242.33102 243.0853 320.4059 319.65164 भोग
239.02325 281.69836 285.56354 242.88843 368.45718 365.6417 424.22665 427.04214 रहा
386.696 453.8237 439.3865 372.25882 63.004776 72.36563 175.89636 166.5355 तुम
191.12825 220.44975 223.37541 194.05391 333.2664 331.1013 370.72275 372.88785 रहा
196.73973 229.54884 232.95293 200.14381 381.89987 379.56778 427.45883 429.79092 और
403.0911 445.93527 439.6954 396.85123 6.4216957 12.543179 56.215897 50.094414 और
456.49225 506.44043 500.7976 450.84943 27.856232 34.444138 77.22676 70.638855 बहुत
120.12502 153.40375 159.22104 125.942314 307.09442 303.59473 358.91162 362.41132 और
128.13353 161.36519 166.782 133.55034 383.93958 380.44287 431.9223 435.419 उसी
138.173 171.7472 175.61084 142.03665 466.1883 462.6858 499.72186 503.22437 तरह
