156.25168 198.06406 198.10645 156.29407 5.2289925 5.0797577 16.959986 17.10922 कर
152.3612 198.95331 199.22736 152.63525 32.22435 31.317913 45.40394 46.310375 एक
179.83716 231.59412 223.24084 171.48389 360.3317 374.2131 405.35843 391.47702 समय
248.08154 275.06256 266.70905 239.72803 378.63507 385.87152 417.01764 409.7812 पर
170.98138 205.08267 193.84982 159.74854 400.3977 408.57428 455.42218 447.2456 कई
159.98512 194.52818 184.33516 149.7921 450.1478 458.45633 500.83432 492.5258 दफे
207.81837 236.705 227.80046 198.91383 474.7928 482.4929 515.89795 508.19785 वह
226.11569 300.48715 300.70688 226.33542 31.332106 30.682026 55.817963 56.468044 अगर
38.341454 72.55161 70.91221 36.70205 451.70123 455.78503 469.51843 465.43463 तब
38.13691 76.38135 74.80556 36.561123 481.08972 485.27057 499.685 495.50415 कर
37.984955 78.67467 76.53618 35.84647 502.92377 506.97833 528.439 524.38446 उसे
489.86108 576.551 576.4297 489.73975 29.685928 29.78125 140.09897 140.00365 वह
317.85413 406.6518 405.424 316.62634 143.61333 148.74236 169.99883 164.8698 अमानत
312.70184 349.54242 347.91266 311.07208 171.40353 173.66815 200.18039 197.91577 की
362.69156 424.12057 422.81815 361.38913 180.97014 184.75374 205.89973 202.11613 रकम
99.587425 154.07773 154.1539 99.6636 8.096727 7.8193073 22.782286 23.059706 यह
403.59937 578.7018 538.08057 362.97818 334.45593 381.42682 532.85815 485.88727 इजिप्ट
94.32532 144.34152 132.62395 82.607735 267.25522 276.99326 337.1769 327.43887 हम
172.7787 226.71751 206.95387 153.01506 262.89764 275.56067 359.74506 347.08203 इसे
231.25217 286.1207 286.79416 231.92563 4.995989 3.5712109 29.507277 30.932055 छीन
