52.169327 83.02075 86.30696 55.455536 240.92725 234.92068 251.79965 257.8062 पर
353.81628 443.73682 444.89685 354.97632 274.9799 274.21628 410.81155 411.57516 और
206.01846 300.61755 294.70084 200.10176 7.796776 20.21843 65.2781 52.856445 उठाकर
321.9958 370.39874 364.4889 316.08594 23.078583 29.434288 74.44185 68.08614 बच
202.23926 243.78906 239.45291 197.9031 79.84062 83.21257 136.64354 133.27159 गए
269.931 318.18393 311.03104 262.7781 67.83093 73.21826 137.28516 131.89783 और
340.16974 387.12903 381.5664 334.60712 97.9153 104.068954 146.51793 140.36427 अब
409.23593 442.5342 435.47086 402.17258 106.28616 111.329346 157.96585 152.92267 हर
200.96007 277.13727 282.4781 206.30089 255.86952 250.44955 325.51416 330.9341 गया
397.92166 474.05704 460.56113 384.42575 4.146492 14.856033 110.800186 100.090645 और
467.11554 506.4898 503.86963 464.49536 242.8996 244.65839 303.31598 301.5572 मिल
