97.35112 156.17755 153.12407 94.297646 163.2168 174.72064 190.33493 178.83109 तब
318.93915 446.63782 428.45068 300.752 18.0029 34.835144 172.81296 155.98071 जिस
350.70764 454.3329 455.4181 351.79285 211.94116 210.93811 323.05206 324.0551 कहिए
352.0884 425.31076 426.26163 353.03928 354.59357 353.88477 452.11652 452.82532 हमने
240.15332 273.7843 270.2131 236.5821 47.753105 52.163307 79.396355 74.98615 एक
237.134 270.02686 266.20352 233.31065 86.22391 89.26007 130.68106 127.6449 दिन
265.47037 303.0602 305.54135 267.9515 284.56918 282.66312 331.59348 333.49954 प्रमुख
175.53262 251.01062 243.12943 167.65143 13.359329 23.251495 83.38571 73.493546 सतह
268.43137 310.21353 305.05753 263.27536 25.591309 30.03859 78.47902 74.03174 पर
45.679928 82.61333 85.900406 48.967007 241.14262 233.9574 250.85362 258.03885 पर
111.16506 146.46628 148.65744 113.356224 301.38904 298.9068 330.06824 332.55048 गया
159.04495 221.20422 224.74756 162.58829 279.06076 274.6649 324.76865 329.16452 लौटकर
119.09928 143.03046 146.46094 122.52976 364.6709 361.95837 392.2235 394.93604 घर
126.56449 162.09921 163.9679 128.43317 424.2121 421.80725 449.4192 451.82404 चला
