281.46762 316.82224 306.0123 270.65768 136.2258 160.62991 176.29044 151.88632 तब
519.06934 571.2444 533.9133 481.7383 6.2626953 63.755135 97.63348 40.141037 काट
-14.593441 99.77341 118.40767 4.0408134 117.37373 75.040054 125.38156 167.71524 इस
6.224943 31.094435 31.272242 6.40275 55.237278 55.016502 75.04538 75.26615 पर
384.05896 446.6231 446.94684 384.3827 209.50885 209.0076 249.41489 249.91614 गया
462.64902 525.8856 526.3164 463.07974 195.5239 195.01724 248.77899 249.28564 और
378.4728 424.26175 424.45425 378.6653 283.73932 283.51202 322.29932 322.5266 वह
55.762695 202.49503 203.71655 56.984222 187.9497 186.37042 299.86417 301.44345 बिल
57.419292 178.24393 178.72957 57.904934 334.34796 333.8009 441.05554 441.6026 पेश
179.75206 258.0064 258.01593 179.76158 390.4528 390.43637 435.7147 435.7311 तरह
290.6009 328.49493 325.23126 287.33722 371.0396 373.11652 432.6634 430.5865 से
