236.53426 304.38574 304.5943 236.74281 32.479664 31.946156 58.469692 59.0032 भाव
269.34268 414.6451 408.05075 262.74832 109.24805 118.47476 222.32318 213.09647 और
355.17807 406.61258 406.6749 355.2404 10.070049 9.950035 36.651333 36.771347 आप
118.55156 192.68895 192.78377 118.64638 6.945288 6.6129856 27.769892 28.102194 सब
290.5501 313.68842 318.3321 295.1938 13.929985 5.595623 18.487568 26.82193 गए
28.275276 106.41 102.448906 24.314182 445.99808 454.88693 489.70584 480.817 कोई
28.014008 100.80338 98.62124 25.831861 497.1635 504.52954 526.0928 518.72675 शक
415.90973 572.39905 533.84564 377.35635 344.80933 386.78723 530.51025 488.53235 तरह
214.19148 287.66418 288.0703 214.59761 7.4690256 6.1881943 29.485031 30.765862 आज
350.886 414.10925 410.22327 347.0 214.7732 219.15479 275.227 270.8454 नई
340.51242 395.84488 393.2775 337.94504 303.64963 307.89462 341.35995 337.11496 पर
182.62024 265.87573 252.83578 169.58028 310.0045 332.33383 380.9537 358.62436 महसूस
160.24364 208.69682 200.50038 152.0472 413.17496 426.17197 456.72842 443.7314 लगा
