431.95297 472.0211 472.0612 431.99307 65.921295 65.84488 86.8669 86.94331 कर
40.903374 112.02022 112.00207 40.885223 11.691845 11.741203 37.89133 37.841972 भूतनाथ
86.638275 138.14967 146.55249 95.04109 74.01029 58.962486 87.72689 102.7747 करने
100.1588 136.78865 143.74391 107.11406 120.21191 109.49246 133.25961 143.97906 इस
108.4339 170.74756 179.44525 117.13159 148.53598 130.27151 159.94583 178.2103 दिवस
429.22656 481.3036 481.34937 429.27234 45.32861 45.22023 67.226685 67.33507 ज्वर
429.23587 479.32974 479.37607 429.2822 87.73681 87.65409 115.698524 115.78124 कुछ
198.0369 251.10016 251.07028 198.00702 6.7855453 6.828171 44.020454 43.97783 कुछ
134.41777 194.71504 203.39534 143.09807 100.30238 82.677246 112.37334 129.99847 उस
457.95468 483.9951 484.02512 457.9847 7.8632956 7.798151 19.795216 19.860361 तब
