150.43651 201.56877 201.66719 150.53493 12.605052 12.201374 24.667313 25.070992 अभी
147.60826 190.42204 190.68834 147.87456 32.52578 31.687592 45.289665 46.127853 और
462.10327 597.5249 532.3847 396.96304 282.315 329.82184 515.5089 468.00208 सगर्व
259.77606 375.82776 371.80994 255.75824 163.8754 171.41437 233.26282 225.72385 भगा
364.4796 396.59344 396.66064 364.5468 12.253966 12.184799 43.372055 43.441223 रह
18.534477 80.91005 79.10604 16.730465 496.78534 503.1678 520.7984 514.41595 गया
219.50114 300.90613 302.0066 220.60161 11.602751 9.661407 55.806602 57.747948 घुट
457.7639 480.34567 480.5557 457.9739 26.114178 26.04831 98.03955 98.105415 है
506.8405 574.54706 574.61395 506.9074 49.877323 49.77471 93.933624 94.03623 अगर
261.24564 381.58664 379.35257 259.01157 98.80893 105.45972 145.88373 139.23294 अकादमी
18.261482 77.10651 75.215454 16.370432 439.43448 446.6169 462.11014 454.9277 चला
18.169296 67.65605 65.07796 15.591202 467.66153 473.10623 496.53854 491.09384 वही
81.468285 148.94543 149.02814 81.551 7.650199 7.3272076 24.607296 24.930288 करते
155.0721 247.30678 221.48381 129.24913 396.88147 421.18964 519.172 494.86383 और
507.27402 581.9083 582.2549 507.62057 97.41967 96.94937 151.9385 152.40881 आगे
34.43799 75.45297 73.7738 32.758816 423.9354 429.21457 442.26035 436.98117 उस
