18.864174 97.019005 96.99668 18.841848 10.668041 10.720615 43.90986 43.857285 रहना
465.78912 485.95923 485.95197 465.78186 173.35968 173.36685 193.84998 193.8428 गई
465.78006 487.06528 486.99472 465.7095 198.88193 198.97943 214.38239 214.28488 इस
426.0282 468.07965 468.12207 426.07062 18.334269 18.235191 36.236908 36.335983 साथ
426.03885 466.0972 466.1348 426.07645 52.73686 52.648308 69.65636 69.74491 काम
103.78104 197.7139 205.53622 111.60336 116.78645 89.30495 116.04193 143.52344 खास
131.89368 210.94217 210.92737 131.87888 14.786182 14.841618 35.950775 35.89534 एकाकार
232.16309 266.2 266.18594 232.14903 14.859032 14.885414 32.978058 32.951675 कर
84.24631 140.71591 149.97412 93.50452 79.44575 62.97413 94.714 111.185616 कुछ
456.95856 488.10303 488.09253 456.94806 139.80179 139.8187 159.13074 159.11383 पर
