398.887 484.99368 485.0906 398.98392 4.987213 4.7931976 47.80305 47.997066 रोशन
85.92873 133.48248 138.69283 91.13907 89.93699 76.057304 93.90867 107.78835 आज
147.53078 188.06068 193.55281 153.0229 71.96023 60.132774 78.95298 90.78043 तक
93.89238 131.52254 137.89613 100.265976 121.18432 110.17816 131.96954 142.9757 रहा
8.848564 79.01889 78.99347 8.82314 11.666649 11.712143 50.929832 50.88434 बहुत
422.7695 463.83456 463.8773 422.81223 61.138176 61.05848 83.07816 83.15786 घर
424.96844 478.06763 478.11816 425.01898 87.357025 87.27055 118.305435 118.39191 और
114.563484 166.98495 173.0726 120.65113 142.656 127.29523 148.07043 163.43121 बाहर
154.1942 192.74065 199.68285 161.1364 94.52164 83.254364 107.00432 118.27159 बजे
95.97833 232.0943 232.06604 95.950066 6.7035713 6.8129005 42.00902 41.899693 निकालकर
