104.76445 141.39305 148.63695 112.00835 97.997795 87.2855 112.0546 122.7669 ओर
112.95238 152.52989 157.45683 117.87932 134.10028 122.51013 139.33444 150.92459 चल
414.0025 470.08765 470.17133 414.08618 3.9631255 3.832775 39.833237 39.96359 इस
414.03387 486.14587 486.20178 414.08978 67.94715 67.817314 98.857765 98.9876 तरह
105.99603 138.01852 138.00696 105.984474 25.824566 25.846226 42.932888 42.91123 पर
460.96457 488.1165 488.1027 460.95078 147.92021 147.94182 165.24336 165.22176 यह
423.95685 480.05548 480.09302 423.9944 101.97305 101.8855 125.91725 126.00481 याद
150.23773 204.58469 212.97314 158.62619 95.67814 79.79229 108.49003 124.37588 एक
436.9497 474.00983 474.0501 436.99 43.904583 43.826015 62.838093 62.91666 कर
38.907448 91.016235 90.9956 38.886806 15.715473 15.749981 46.919727 46.88522 मंच
