214.66327 291.74527 292.90622 215.82422 11.718126 9.879875 58.561584 60.399834 और
350.0269 394.97104 395.09177 350.1476 4.583879 4.458885 47.861256 47.986248 गये
155.24422 281.08615 249.23766 123.39573 354.77924 388.53052 507.27777 473.5265 एक
15.272049 111.48113 107.55265 11.34357 471.92023 481.89365 519.79004 509.81662 अब
97.537346 203.96646 204.02237 97.593254 2.7719524 2.5539608 29.847029 30.06502 दास
294.34372 374.0706 371.913 292.18613 116.12286 120.645355 158.68097 154.15848 बाहर
397.84955 453.0749 451.43805 396.2127 121.71597 124.79401 154.1622 151.08417 मत
288.35806 375.26126 372.77975 285.87656 163.29517 168.70312 208.57935 203.17139 जाओ
399.3615 519.43475 489.45477 369.38153 383.08453 415.29453 527.05475 494.84476 सब
114.365204 167.91635 156.67682 103.12567 207.99747 222.35573 264.2751 249.91682 इधर
104.349625 158.97769 145.71216 91.0841 270.22223 284.87134 334.33984 319.69073 आये
13.126633 95.356834 91.50248 9.272278 433.62137 443.32523 475.9868 466.28293 भाग
149.06387 192.17264 192.33524 149.22647 28.63693 27.890755 37.28463 38.030807 पास
292.2532 315.37155 319.15915 296.0408 10.6039505 2.2533875 12.739254 21.089817 रमा
