211.68591 292.68533 293.10986 212.11044 9.890694 8.688499 37.292362 38.494556 मगर
272.12415 318.72028 317.2378 270.64166 115.1532 117.73877 144.45569 141.87012 सूरत
268.95898 331.02893 329.1424 267.07245 138.00908 141.65083 173.8051 170.16335 इसकी
266.0015 341.05258 339.8961 264.845 178.52573 183.15756 201.89679 197.26495 भयानक
483.8867 585.59656 585.8103 484.10043 63.174232 62.88463 137.95862 138.24821 कहा
506.5888 533.09985 516.78906 490.278 434.96185 445.63757 486.1422 475.4665 कई
487.4874 514.6228 499.89755 472.76212 482.39612 493.3233 529.89044 518.96326 दिन
9.6200485 68.942215 66.87356 7.5513926 441.16324 448.31613 465.47238 458.3195 लगा
9.567726 81.790306 79.252266 7.0296826 472.2431 480.05652 503.51666 495.70325 अमृत
350.0492 407.44342 407.52722 350.133 5.6823854 5.527897 36.651188 36.805676 जम
116.58041 204.02414 204.08142 116.63769 2.2056596 2.0531425 34.894974 35.04749 रहा
131.73856 275.5138 237.84048 94.06523 267.20145 305.75552 446.2463 407.69223 अभी
154.82664 200.01363 200.27559 155.08861 37.902946 36.87126 48.34533 49.377014 रूप
340.81717 429.45926 428.23734 339.59525 110.592255 115.387924 137.97392 133.17825 अन्याय
333.99393 369.76852 368.4592 332.6846 153.54655 155.65254 177.89357 175.78758 पर
347.40314 463.39185 443.02234 327.03363 374.5481 405.66003 481.5998 450.48785 महत्व
