182.3511 238.392 212.1459 156.10501 318.39188 332.2512 438.37875 424.51944 हुई
156.52908 235.85135 221.80557 142.4833 437.02496 458.30597 510.65985 489.37885 भगत
504.49817 569.599 569.4928 504.39197 11.687241 11.8387985 57.447006 57.29545 गया
503.47064 593.70856 593.9986 503.76068 97.443634 96.87503 142.901 143.4696 सहसा
356.0423 395.20996 396.2174 357.04974 11.169817 10.3220825 56.869003 57.716736 गई
105.34779 195.13823 195.1928 105.40236 2.755955 2.5720406 29.208752 29.392666 ऐयार
222.06451 260.85135 261.44254 222.6557 1.7150767 0.6620312 22.437136 23.490181 और
234.50642 268.20636 268.49316 234.7932 32.221775 31.654629 48.694317 49.261463 वह
342.22464 425.84976 408.38046 324.75534 378.51797 400.9487 466.07687 443.64615 निकट
292.8643 315.16843 320.1099 297.80576 12.192315 4.150896 17.856773 25.898193 इन
446.2546 495.70248 495.7667 446.31882 47.604214 47.540977 97.73645 97.79969 दिन
504.76685 560.1162 550.5752 495.22583 344.46893 359.31165 394.8908 380.0481 साथ
477.9049 538.161 529.27924 469.0231 414.90793 431.06918 464.18448 448.02322 समय
