184.97264 225.67934 225.73848 185.03178 7.432736 7.3418694 33.840595 33.93146 पर
99.18569 136.5505 136.99054 99.62571 129.85477 129.22214 155.21054 155.84317 ऊपर
138.23993 154.33823 163.21075 147.11246 129.29065 124.56183 154.7666 159.49542 आ
100.138405 164.69421 165.17014 100.61433 57.259045 56.518593 98.010544 98.751 पास
223.73941 303.34195 286.9047 207.30215 98.81224 162.10423 182.77739 119.4854 शहर
412.92682 484.44385 497.7713 426.25427 64.86519 31.13704 59.396454 93.1246 एक
412.7148 496.5872 511.57297 427.7006 116.76109 78.35564 111.082535 149.48799 फिर
99.58117 114.806465 128.35999 113.1347 9.077579 4.5807037 50.469616 54.96649 देर
247.48865 288.59875 279.93158 238.82147 219.33655 250.27179 261.78967 230.85443 मन
439.78748 511.9477 519.6166 447.45636 251.85323 221.60721 239.90352 270.14954 उधर
441.38815 501.24796 508.23434 448.37454 297.61874 273.25858 290.42606 314.78622 पता
