354.1739 398.15625 413.2635 369.28113 87.72585 49.744087 67.238045 105.21981 एक
219.92734 269.58807 256.44107 206.78035 112.784546 151.9199 168.60275 129.46739 पर
441.2611 499.5263 509.90845 451.64325 37.024265 9.324253 31.162472 58.862484 एक
444.24524 499.89722 507.82617 452.1742 70.42908 44.480057 61.485077 87.4341 गया
442.3078 505.37708 516.108 453.0387 105.68095 76.84224 100.310356 129.14906 कुछ
445.17975 505.70593 514.0796 453.5534 138.29335 111.156235 129.83272 156.96983 कहा
446.04022 492.17694 500.30518 454.16846 171.40076 151.12057 169.61209 189.89227 यह
443.16708 494.02658 498.65915 447.79965 238.7403 217.26633 228.23819 249.71216 जमा
441.53036 506.65427 513.50586 448.382 258.74597 231.57965 248.00455 275.17087 होटल
444.37097 477.50055 481.927 448.79742 287.22067 273.6586 284.4716 298.03366 पर
444.9638 486.37445 490.71967 449.30902 311.12225 294.4325 305.21393 321.9037 कर
111.11324 136.38556 136.55252 111.28019 122.67465 122.29939 133.5422 133.91747 कहकर
99.45954 131.03049 145.5747 114.00378 11.254288 2.130249 52.4561 61.58014 विषय
120.06804 135.95076 145.18202 129.2993 79.523605 74.83498 106.10582 110.79445 पर
