346.71674 408.23328 408.3056 346.78906 6.7901635 6.630089 34.41365 34.573727 आज
9.706688 101.620514 97.32866 5.4148307 456.4305 466.3544 506.10513 496.18124 फिर
153.11633 270.62878 243.7262 126.21375 354.72986 386.2547 486.53717 455.01233 एक
317.77884 429.6467 404.50607 292.6382 398.8863 428.89642 522.61255 492.60242 बार
229.2244 286.4545 287.26468 230.03458 11.37087 10.006046 43.978992 45.343815 गए
96.85686 196.87337 196.94502 96.92851 4.9072933 4.5807533 26.527073 26.853613 मगर
481.71576 568.24744 552.6867 466.15506 325.27255 348.4778 406.50296 383.2977 पास
454.14645 501.26096 471.34964 424.23514 415.65344 433.1397 513.73193 496.24567 रहे
277.28943 446.29382 438.4154 269.411 107.965195 118.985275 239.8094 228.78932 पर
151.90414 210.95355 211.20529 152.15588 36.404247 35.110477 46.59963 47.8934 आप
92.41347 203.79552 183.03227 71.65022 251.01163 280.87894 358.3099 328.4426 भारत
238.81717 282.75488 281.17007 237.23238 129.13905 131.65962 159.28539 156.76482 और
232.73901 267.33896 265.98996 231.39001 172.88873 175.0224 196.89749 194.76382 वह
228.75946 260.79834 259.59518 227.55632 207.60864 209.69775 228.14926 226.06015 घर
