159.43474 222.10277 222.17592 159.50789 8.643059 8.505775 41.89145 42.028732 तरह
360.19394 401.47025 403.64316 362.36685 163.00984 158.02101 175.99916 180.98799 पर
353.9006 395.05582 410.85336 369.69815 87.9767 52.461334 70.7675 106.28287 वह
444.2935 495.92404 504.03397 452.4034 110.606224 87.07698 104.872734 128.40198 हुआ
446.50995 489.93048 497.49634 454.0758 127.91861 108.33949 125.1183 144.69742 गर्व
447.2934 490.3275 497.71124 454.67712 158.99696 139.94682 156.62666 175.6768 तुम
224.01266 292.7325 278.902 210.18216 108.19423 162.57199 180.05028 125.67252 जल
102.221436 144.1795 144.50069 102.54262 61.447712 60.996277 90.84813 91.29956 साथ
118.41937 145.08969 159.31857 132.64825 114.274796 106.399765 154.58867 162.4637 चले
238.80869 306.07013 287.2983 220.03688 153.23854 205.5258 229.67354 177.38628 और
102.87535 134.11197 128.59383 97.3572 269.9156 289.81476 298.4768 278.57764 नए
429.35532 496.37448 511.95334 444.93417 36.919754 5.6744843 39.09021 70.33548 गई
109.825035 144.92343 145.11545 110.01705 33.31996 33.052315 58.231506 58.499153 समय
