294.089 430.80682 425.1997 288.48187 146.54337 155.49142 241.16324 232.21518 पर
359.529 395.82446 395.87653 359.58105 16.680546 16.615414 45.615696 45.68083 यह
447.27673 502.85406 502.857 447.27966 35.30926 35.30655 95.51926 95.52197 यह
533.6848 590.5034 590.506 533.6874 35.305046 35.30227 87.46848 87.47126 मत
222.70284 294.04932 294.32227 222.97578 23.781574 22.90852 45.216244 46.0893 गया
88.25224 198.03294 198.08354 88.30284 3.326953 3.0687141 24.573784 24.832024 खाकर
262.8591 295.01498 294.37833 262.22244 149.80383 151.65799 162.69955 160.8454 जगह
260.01474 290.23904 289.24173 259.01743 169.91362 171.7434 188.21748 186.38771 मधुर
214.83997 318.8996 291.63788 187.57825 391.41486 419.3321 520.9484 493.0312 अपनी
140.98878 196.55003 196.82045 141.2592 25.111689 24.269066 42.100105 42.942726 और
330.7887 357.85815 357.8938 330.82434 5.734229 5.6613674 18.894379 18.967241 हजार
214.29001 250.68658 243.21677 206.82019 360.13348 369.89496 397.7469 387.9854 लगा
