220.92776 279.9312 263.66385 204.6604 110.97102 157.5326 178.1468 131.58524 देख
360.06555 401.54028 403.8416 362.36688 161.94716 156.93434 175.97517 180.98799 घर
409.39246 485.3557 501.69318 425.72992 51.55989 16.29425 51.485672 86.75131 लगे
412.51416 498.8275 513.531 427.21765 104.785576 64.986786 96.874855 136.67365 तभी
120.10869 143.69637 153.38478 129.7971 107.42654 100.46503 133.29224 140.25374 वक्त
356.62042 401.89966 415.62213 370.3429 91.90464 52.332832 68.03446 107.60627 एक
159.64691 221.91095 221.97546 159.71143 10.950833 10.811253 39.594944 39.734524 बाद
440.36115 496.4239 504.08118 448.01843 248.64285 225.10037 243.33499 266.87747 भर
440.66183 508.07596 516.54565 449.13156 297.28986 269.84424 290.6482 318.0938 बाद
101.66032 148.86237 166.61777 119.41571 54.613457 41.09005 103.06342 116.58683 तड़पन
354.94235 376.48215 384.442 362.9022 72.99793 54.133347 63.221992 82.08658 यह
