350.7485 394.21768 410.7507 367.28152 87.80153 50.262924 69.40796 106.94656 वह
152.70233 221.92386 221.97546 152.75394 16.733149 16.577976 39.594948 39.75012 उपाय
219.51776 303.09488 287.92953 204.35242 99.397705 165.71344 184.82617 118.51044 आप
98.588936 114.9663 122.621086 106.24372 84.38689 79.410995 104.605515 109.581406 अब
126.1778 141.50368 149.12067 133.79478 84.10841 79.60869 105.55173 110.05145 सब
111.49756 130.21701 140.7774 122.05795 125.92729 120.260666 155.14644 160.81306 कुछ
241.89807 278.51422 271.1651 234.54895 150.82216 179.36037 188.78972 160.25151 तक
243.59018 296.8199 286.63626 233.40657 175.05382 216.03008 229.25899 188.28273 अपनी
243.26456 275.9096 268.91476 236.26973 209.59319 234.24815 243.50984 218.85487 कर
97.694305 132.26956 145.83574 111.26049 32.04395 21.992882 68.65997 78.71104 तरह
142.52605 151.3148 155.30663 146.51787 138.40717 135.80356 149.27841 151.88202 पर
