150.28677 309.02563 309.28558 150.54672 281.9287 281.48254 373.96674 374.4129 कहती
13.083466 107.772934 119.13722 24.447754 126.35318 90.47522 120.46794 156.3459 देखकर
8.705864 46.33671 46.599968 8.96912 240.55162 240.23026 271.05676 271.37814 वह
66.76416 180.4625 180.80864 67.110306 227.20702 226.24805 267.28857 268.24756 कमलिनी
200.1095 240.28421 240.49194 200.31723 238.86905 238.57394 266.8516 267.1467 का
259.8584 347.89667 348.1053 260.06702 238.30156 237.6549 266.06116 266.70782 मतलब
366.59012 446.50827 446.73483 366.81668 237.39034 236.8128 268.16516 268.7427 समझ
9.866217 50.008827 50.570168 10.427561 288.1679 287.63702 330.0813 330.61218 गई
11.289356 120.75038 120.90431 11.443287 346.56827 346.1287 384.4614 384.90097 कमलिनी
3.3685398 33.25762 33.426544 3.5374622 56.263313 55.99798 75.02625 75.29159 छत
31.918118 77.756805 85.765 39.92632 93.92707 76.54684 97.66769 115.04792 एक
545.4477 573.9417 536.7663 508.27228 32.46601 46.10943 123.74966 110.10624 देख
284.53174 320.15344 306.6277 271.00598 133.72314 158.3628 177.91705 153.2774 वह
366.35364 437.41223 431.8938 360.8352 131.16045 136.23824 213.46358 208.38579 १२
342.15607 495.49646 495.89905 342.55865 243.99455 243.29498 331.54218 332.24176 रखने
