500.39 597.7374 597.147 499.7996 46.866394 47.410477 153.04546 152.50137 इसी
117.46925 190.92372 191.10732 117.65285 13.816909 13.196678 34.93819 35.558422 लोग
344.9258 458.40085 431.6472 318.17215 388.56384 419.00433 518.7357 488.29523 साथ
353.5675 393.284 393.35303 353.63654 13.380107 13.29813 46.736843 46.81882 यह
266.4156 455.63495 448.46002 259.24066 112.90967 125.15573 236.01901 223.77295 चेचक
523.3322 568.4542 543.3094 498.18735 289.48093 306.72342 372.5253 355.2828 मुझ
486.62494 542.4592 531.19116 475.35687 373.01248 387.9866 430.00204 415.02792 तरस
462.26093 527.93176 513.91547 448.24466 433.72446 451.3397 503.59317 485.97794 खाओ
149.7821 191.28354 181.5397 140.03827 336.49286 345.8388 389.107 379.76105 घर
136.39993 218.26505 204.1055 122.240395 402.33026 424.2893 477.07727 455.11823 चलिए
335.21826 451.13947 448.7198 332.79858 110.42653 116.96205 159.88011 153.34459 सहयोग
