345.12454 380.99094 381.03824 345.17184 11.194314 11.113838 32.192924 32.2734 अब
143.47318 180.34311 169.7096 132.83966 320.66324 328.69278 377.51968 369.49014 तुम
135.63382 193.6896 181.70505 123.64927 360.15472 375.7259 420.40936 404.8382 जाओ
212.67279 254.74146 242.28348 200.21481 378.2334 389.29938 436.65985 425.59387 और
14.207672 88.18394 83.66085 9.684584 451.19113 459.27817 500.6531 492.56607 हर
431.9368 495.42172 467.53915 404.05423 430.80432 453.8103 530.7522 507.74622 दिन
49.816704 87.20157 85.397316 48.012447 438.35403 442.99094 457.5377 452.9008 घर
487.4973 597.5939 597.5831 487.4866 25.73993 25.750961 132.7633 132.75227 तोप
214.93472 302.33157 302.64847 215.25162 19.696095 18.970516 57.142376 57.867954 कर
506.20038 570.3511 537.2989 473.1482 299.92752 324.02505 412.01413 387.9166 यही
8.663071 62.303253 59.78441 6.144226 402.84766 409.95966 428.95734 421.84534 कम
