115.92657 203.33105 203.45404 116.04955 8.541904 8.070293 30.863373 31.334984 कहा
350.47574 398.06473 398.10007 350.51108 26.656836 26.610039 62.51999 62.566788 वह
500.32538 597.0774 596.8908 500.13882 11.677521 11.902763 92.03755 91.81231 तरह
8.344276 54.68906 52.561905 6.2171226 446.4868 451.9786 469.92935 464.43753 सब
8.287827 94.5759 92.78059 6.4925175 485.38464 494.52905 511.46985 502.32544 बनावट
249.79535 315.54425 313.1781 247.4292 118.48224 122.2702 163.34003 159.55206 गिर
241.69919 305.08804 302.89078 239.50192 189.69443 193.8046 227.6919 223.58173 रहा
227.51974 292.2319 293.08456 228.3724 7.616919 5.99131 39.9341 41.55971 देख
363.4116 445.68106 442.9279 360.65842 233.45905 239.17252 278.81598 273.1025 अब
316.08963 460.4899 454.66147 310.2612 114.10773 123.13611 216.3559 207.32751 लोग
