230.36447 267.57394 296.1326 258.92313 13.881591 -3.0148544 59.877228 76.773674 देर
381.79367 414.73068 407.2485 374.3115 403.47595 412.31012 440.20636 431.3722 जब
367.40356 424.71082 417.56097 360.25372 447.05338 462.4255 489.08005 473.70792 लगभग
292.55878 316.61823 321.27655 297.2171 11.398155 2.7157745 15.624256 24.306637 पर
15.631264 94.81206 90.57333 11.392536 437.10535 446.25952 482.92316 473.76898 सुन
15.482864 101.07796 98.24553 12.650437 490.42993 499.0598 527.1532 518.5233 पता
456.50476 583.9983 583.87366 456.38016 17.654388 17.873566 90.37602 90.156845 उच्चारण
342.86734 456.76535 453.16452 339.2665 118.470825 125.21512 186.02576 179.28146 एक
289.80203 338.13583 338.243 289.9092 46.357582 46.083984 65.015205 65.2888 उसी
152.18637 321.69818 296.33185 126.82002 369.48602 414.96155 509.51562 464.0401 खलता
361.2134 393.01736 393.0533 361.24936 16.677523 16.62045 36.653633 36.710705 जब
482.68195 587.323 568.24506 463.60403 413.50787 441.57587 512.7007 484.6327 आया
493.81055 582.88 583.25854 494.1891 101.25971 100.66484 157.33463 157.92949 सवाल
225.51599 364.78918 360.53906 221.26588 161.67456 170.77292 235.83142 226.73306 कसम
