134.69292 203.15749 203.31642 134.85185 10.009067 9.577076 34.765446 35.197437 कर
472.03845 585.08154 584.9321 471.88904 19.697372 19.868866 118.354416 118.18292 कह
211.69536 300.24677 301.36554 212.81413 10.529604 8.38023 54.472633 56.622005 बचे
182.48926 227.01166 215.47397 170.95157 296.1832 306.80392 355.17032 344.5496 प्रेरक
8.547272 54.32458 52.497337 6.720029 480.17142 485.10165 502.06766 497.13742 डाह
437.0208 485.95782 476.17712 427.2401 338.31134 351.43488 387.90656 374.78302 कहा
416.62543 457.82263 448.28107 407.08386 396.86896 407.91846 443.49353 432.44403 एक
480.35095 521.1833 501.28735 460.45502 391.83295 407.3545 459.69458 444.17303 दिन
531.3237 561.9203 546.5642 515.96765 423.19247 435.83517 472.99832 460.35562 वह
397.8003 469.1941 459.86902 388.47522 450.91486 470.06586 504.8291 485.6781 आएगा
15.074547 61.493782 59.35676 12.937523 414.15588 420.1897 436.63025 430.59644 अब
13.754868 55.502396 53.463486 11.715959 446.0001 450.97452 468.0859 463.11148 यह
313.49503 406.09262 402.73477 310.13718 172.79704 178.76732 230.84682 224.87654 और
81.39528 134.3581 134.43706 81.47424 6.573193 6.351925 25.251522 25.47279 लिए
160.84128 274.81152 244.60202 130.63176 383.30127 413.8704 526.5001 495.931 अब
55.79325 117.58435 115.85949 54.068386 497.60657 504.01215 520.6512 514.2456 वक्त
255.99805 351.66913 349.41113 253.74005 106.45267 111.822876 152.04904 146.67883 हसन
