6.099785 48.184536 46.82358 4.7388306 490.70343 495.143 508.04413 503.60455 जमीन
59.5203 79.60301 78.68459 58.601887 500.58044 502.69897 511.40515 509.28662 पर
335.45438 465.65146 460.03238 329.8353 118.679276 126.819626 216.69176 208.5514 तट
123.01247 200.45238 200.54906 123.109146 7.9774666 7.583206 26.575249 26.96951 तक
480.33942 579.6445 579.3558 480.05072 9.6026535 9.854057 123.90264 123.65124 बैठ
215.12804 296.55115 297.4732 216.0501 15.496174 13.658295 54.508358 56.346237 इस
349.18842 400.52612 400.60638 349.26868 4.5862107 4.4434357 33.299164 33.44194 कान
437.9807 494.1883 482.26794 426.06036 330.29053 345.36383 389.81415 374.74084 बाद
407.0618 466.29977 452.57388 393.3359 417.3494 433.23904 484.41037 468.52072 कुल
478.9367 530.6052 519.6919 468.02338 436.62683 450.48572 491.1725 477.3136 दस
249.80408 312.4646 310.43237 247.77184 161.65982 165.51624 198.53714 194.68073 करने
158.67778 209.57863 209.95094 159.0501 31.063662 30.104614 49.86547 50.824516 नई
363.33493 398.02426 398.03067 363.34134 35.54374 35.534744 60.258896 60.26789 कौन
294.37207 370.35938 352.81995 276.83264 380.29352 400.6762 466.06366 445.68097 आया
23.177444 97.70561 93.33591 18.80774 445.68906 454.05832 492.97043 484.60117 और
351.79684 419.34225 416.89853 349.35312 215.3923 219.92953 256.30923 251.772 और
344.40363 435.66473 433.05255 341.79144 262.2275 268.8336 304.91977 298.3137 करते
527.4654 585.30096 585.543 527.70746 123.23548 122.719696 149.86835 150.38412 अमर
