283.2031 373.6602 341.2606 250.8035 84.696045 136.53732 193.07089 141.22961 तरह
331.02133 358.28433 361.9224 334.6594 24.907555 21.695992 52.579628 55.79119 वह
8.356022 49.649693 49.479317 8.185645 14.327198 14.676594 34.812584 34.46319 कर
9.642838 73.382225 73.03544 9.296054 48.92933 49.730423 77.32285 76.52176 आधी
323.52036 355.87314 358.79813 326.44534 284.13095 280.76236 308.8549 312.22348 यह
369.77133 412.62436 415.6331 372.78006 279.3429 274.90613 303.96637 308.40314 आप
247.89229 281.9334 251.82323 217.78209 112.17592 138.41542 177.4781 151.2386 दूर
35.11412 101.936035 98.941345 32.11943 126.74065 132.80077 165.82158 159.76146 फिर
330.13333 365.34512 368.4141 333.2023 249.98264 246.33994 276.00552 279.64822 शब्द
245.85153 306.2337 289.15414 228.77199 170.55484 205.65439 235.03653 199.93698 एक
