14.859657 66.90186 66.68008 14.637868 8.257393 8.659912 37.334595 36.932076 डर
398.95267 457.95065 498.23935 439.24136 158.03555 96.019135 134.3469 196.36331 लिए
564.3164 591.5393 590.3307 563.1078 125.059326 127.39279 141.49292 139.15945 भूल
351.2785 413.17975 415.89185 353.9906 270.59268 264.19815 290.45218 296.8467 सकता
18.190529 64.98285 64.68248 17.890156 56.843086 57.47451 79.734276 79.10285 कर
575.4791 596.09485 595.2417 574.626 143.25604 145.00903 155.04251 153.28952 पर
261.86996 292.46872 278.332 247.73325 117.55481 135.10068 159.75412 142.20825 तुम
247.68042 307.27032 289.40588 229.816 134.36551 168.76355 199.71121 165.31317 समझते
38.94458 97.42563 95.730225 37.249172 132.86372 138.24403 156.67213 151.29182 मगर
331.19278 355.8096 355.83255 331.21573 26.237959 26.202457 42.094124 42.129627 मदद
67.81913 103.33335 103.045235 67.53101 63.877975 64.383865 84.6107 84.10481 एक
358.40378 403.54874 430.95035 385.8054 114.41709 66.09816 91.69984 140.01877 और
23.876179 57.252354 56.30805 22.931873 120.93155 123.92206 134.46118 131.47067 साफ
