251.36053 308.33514 291.9533 234.97871 131.02039 163.85104 192.28021 159.44955 चल
340.85422 394.58615 399.09775 345.3658 266.517 260.92288 304.25723 309.85135 सूरत
7.5284576 65.981064 65.65894 7.206336 10.31102 10.777763 51.118702 50.65196 और
332.51523 360.28653 360.31033 332.53903 30.21978 30.19028 52.57791 52.60741 पर
238.12613 292.29266 275.9838 221.81728 167.83795 199.3244 227.38074 195.89429 पर
30.790504 64.9992 64.679344 30.470652 53.843918 54.292694 78.67444 78.22566 वह
323.3872 352.89062 354.96844 325.46503 300.02536 296.94876 316.87393 319.95053 कल
67.81913 102.245705 101.97277 67.546196 63.87796 64.36836 83.528564 83.03816 तब
569.33124 591.35065 590.3958 568.3764 121.020966 122.91698 134.00648 132.11047 मर
569.3353 597.4739 596.53284 568.3943 138.88301 141.27983 152.32799 149.93117 गया
