355.282 452.03323 447.48972 350.7385 135.9424 141.97975 214.79143 208.75407 वह
183.12997 260.10666 241.77515 164.79846 283.23206 303.87384 372.23505 351.59326 भरा
154.52277 240.54459 218.93195 132.91013 409.4184 432.49258 513.0657 489.9915 हुआ
214.56155 295.18777 295.5887 214.9625 13.498081 12.581745 47.858883 48.77522 लगे
252.25061 309.50952 308.02734 250.76842 114.52237 117.70245 144.38959 141.2095 लगती
247.18436 276.46494 275.28122 246.00064 159.91338 161.66661 181.43593 179.6827 वह
245.86765 271.44186 268.02164 242.44742 190.333 193.50569 221.07503 217.90233 भी
281.2777 330.24408 328.97784 280.01147 200.58475 203.72754 223.45609 220.3133 अटक
20.021637 82.991295 81.005936 18.036276 454.71356 462.05188 479.0882 471.74988 परिवार
19.931854 61.34662 59.18892 17.774155 479.66476 484.10507 504.22983 499.78952 लिए
366.89978 396.13367 396.18384 366.94995 7.838792 7.765341 27.725399 27.79885 घर
425.4076 471.7303 452.3053 405.9826 371.4151 387.53644 443.35187 427.23053 कोई
87.43875 186.15457 186.2001 87.48428 3.3288667 3.096655 22.454348 22.68656 साथ
356.8462 446.36823 441.8106 352.28857 212.91266 219.1838 284.24466 277.9735 गए
