519.63806 544.70667 534.73364 509.66504 101.20799 122.08154 134.05893 113.18538 और
388.68372 440.0678 469.1787 417.79462 130.6052 76.062836 103.48804 158.0304 और
13.826462 61.299103 61.44452 13.971878 12.473044 12.330048 60.60714 60.750137 रहे
323.57675 379.8304 386.24734 329.99368 261.05734 254.7131 311.61148 317.95572 यही
27.38536 108.92093 106.2014 24.665836 124.121506 131.48045 161.61217 154.25322 जमीन
331.83206 363.49142 363.53494 331.87558 24.906282 24.85661 52.581352 52.631023 मर
274.99063 375.36206 345.98093 245.60951 83.52754 141.01143 192.31322 134.82933 कर
434.22726 473.3632 503.9293 464.79337 153.63669 112.58563 141.7258 182.77686 रंग
50.866943 101.158295 100.90054 50.609196 63.636482 64.35288 82.44668 81.73028 साथ
239.83826 294.96448 274.91302 219.7868 146.61545 178.57416 213.16129 181.20258 और
