28.516693 97.71219 94.87892 25.683424 490.5678 497.57385 525.5569 518.55084 ओर
501.1618 545.5809 545.6717 501.25262 57.302746 57.202286 97.35715 97.45761 पर
333.13956 409.4216 406.3303 330.04825 166.30081 171.12613 219.99539 215.17007 हिम
352.5889 397.3859 397.4785 352.6815 6.7748823 6.6583138 42.251072 42.36764 पर
197.56384 254.0505 246.28366 189.797 400.74298 415.89514 444.84967 429.6975 रखकर
188.82236 218.94348 208.74927 178.62814 437.9586 445.54514 486.01956 478.433 बैठ
129.0589 190.13297 190.17743 129.10336 3.230963 3.0872974 21.98811 22.131775 वह
383.55307 434.06876 425.35904 374.84335 410.25885 423.80817 456.28046 442.73114 एकता
365.82925 407.467 399.2314 357.59366 463.6233 474.79272 505.4936 494.32416 बनाए
423.7674 470.8352 460.05408 412.98627 464.18506 476.8111 517.00134 504.3753 रखने
152.70193 200.3162 200.55914 152.94489 26.493544 25.727718 40.833282 41.59911 एक
27.580627 84.628296 81.70333 24.655666 456.95407 463.40683 489.26596 482.8132 और
293.078 344.51294 342.8949 291.45996 116.44972 119.317764 148.33565 145.4676 एक
367.59238 422.97702 420.98294 365.5983 109.04259 112.1035 148.1845 145.12358 दिन
365.26392 397.25366 397.2442 365.25446 45.598587 45.616463 62.518333 62.500458 पास
466.09485 561.87213 541.46783 445.69055 370.8471 396.5357 472.61096 446.92236 होकर
