358.85812 396.0966 398.14157 360.9031 585.9184 579.81793 592.3012 598.4017 पर
118.52176 199.48993 199.39337 118.42519 337.42633 337.75922 361.24524 360.91235 एक
106.74603 227.91278 228.05487 106.88812 374.4918 373.6141 393.23044 394.10812 तलाश
103.5473 162.14288 151.2838 92.68821 22.712296 31.169052 106.41011 97.953354 वह
369.16064 413.44873 348.53235 304.24426 41.39456 65.62776 184.26761 160.03441 पर
14.922509 46.80527 46.955658 15.072896 32.198135 32.015327 58.24298 58.42579 जस
391.5076 413.47134 380.1041 358.14035 114.564835 127.409836 184.4648 171.6198 यह
407.03583 432.96423 399.68695 373.75854 159.1015 174.93378 229.43182 213.59955 भाव
393.5402 464.11496 468.3649 397.79013 570.63116 558.94696 584.61725 596.30145 एक
7.142105 96.53683 96.614136 7.2194138 63.50005 63.402267 134.0776 134.17538 एक
341.99826 368.31216 334.8372 308.5233 38.842354 52.8068 115.88532 101.920876 कम
