31.248718 68.85969 69.00676 31.39579 31.412752 31.193092 56.374832 56.59449 अगर
27.234486 51.06314 46.931828 23.103172 74.41718 77.486916 109.55596 106.48623 वह
17.885319 46.660557 46.668102 17.892864 122.758865 122.74989 146.92192 146.9309 उस
127.6492 203.62476 203.36224 127.386696 351.5467 352.10486 387.83868 387.28052 हुए
387.45593 419.43994 376.3708 344.38678 32.81755 50.568558 128.17116 110.42015 सोच
129.04521 182.78545 182.89873 129.1585 64.19939 64.029236 99.80879 99.97894 सदर
132.3844 162.68866 231.54395 201.23969 194.31995 165.02875 236.26544 265.55664 नई
156.13637 223.00682 223.23973 156.36928 378.35114 377.68292 400.99213 401.66034 खर्च
391.96118 432.12366 372.59546 332.43298 102.08096 125.4043 227.91104 204.5877 सोच
85.826485 131.88977 121.1851 75.12182 30.430847 36.90837 113.03189 106.55437 इन
348.13235 389.00613 330.07028 289.1965 6.49057 27.926208 140.30585 118.87021 कोई
