150.29453 228.14572 228.07349 150.22229 343.87396 344.2245 360.26685 359.91632 मगर
133.31708 205.41348 205.66586 133.56946 378.72513 377.9764 402.27914 403.02786 खूब
425.40164 474.1887 477.6495 428.86246 567.83844 559.7734 580.7087 588.77374 दिन
122.54625 158.22072 231.21803 195.54356 192.96294 158.31024 233.45998 268.11267 कह
421.2388 484.60208 497.18112 433.81784 137.29758 53.925964 63.486176 146.85779 वन
102.88551 164.85733 151.63264 89.66083 23.319763 32.25586 123.969025 115.03293 कई
104.764435 163.50278 163.52039 104.78204 358.77054 358.71017 375.85403 375.9144 यह
395.9053 465.52145 486.03903 416.42288 106.48654 11.310776 26.318298 121.494064 गई
9.588831 61.41072 61.44007 9.618181 95.950905 95.91753 141.46991 141.50328 आने
169.79413 197.21606 197.17444 169.7525 362.2428 362.34473 373.5468 373.4449 हुए
182.39561 234.53288 222.92036 170.7831 62.897507 71.41304 142.51202 133.99649 घर
