128.23277 166.00223 158.05544 120.28598 23.487686 29.147156 82.181404 76.521935 देख
174.29048 215.07286 215.22408 174.4417 43.37131 43.18389 76.08563 76.273056 कर
401.81573 487.71436 505.23682 419.3382 121.31563 5.4481964 18.438522 134.30595 यह
336.82407 369.62833 341.1699 308.36563 48.592377 139.39934 149.68005 58.87309 सकता
11.490028 50.367542 42.6683 3.7907875 61.829056 66.68593 128.31566 123.458786 वह
67.943085 109.19473 100.57532 59.323673 60.7043 66.37906 129.03632 123.36156 यह
421.71536 479.44516 497.06186 439.33206 136.67058 60.711395 74.100296 150.05948 रहे
361.46667 383.38776 357.35046 335.42938 130.68578 191.02232 200.48204 140.1455 जान
120.67352 139.54123 135.88559 117.017876 91.9508 94.7895 119.087135 116.248436 पर
151.95895 168.66364 163.51358 146.8089 83.42661 86.052925 118.80987 116.183556 भी
173.13815 200.13394 200.18076 173.18497 94.637436 94.57864 116.06729 116.12608 उस
205.87077 245.78587 245.83281 205.91771 94.50672 94.41979 115.96787 116.0548 समय
