383.69583 463.4188 467.35098 387.62802 573.8379 560.84375 584.96875 597.9629 उससे
360.5537 386.3673 349.37976 323.56616 104.91211 119.44162 185.15482 170.6253 सके
30.642235 72.72138 64.88378 22.804632 20.70597 26.093979 87.30392 81.91591 दिन
20.17712 49.299862 44.09815 14.975407 112.0229 115.760025 156.29607 152.55894 भर
127.101135 217.16003 217.10077 127.04188 343.1842 343.42877 365.25012 365.00555 अधिक
113.2741 162.37216 162.55249 113.45443 380.2073 379.75528 399.34232 399.79434 हुए
341.8188 382.1844 330.8385 290.4729 13.706818 127.61977 145.81442 31.90147 जलवायु
89.36678 192.52646 192.71637 89.556694 40.126762 39.800148 99.7777 100.10432 लगभग
376.79752 395.18112 370.91055 352.52695 168.35725 219.05296 227.85414 177.15843 पाल
175.5237 253.8442 253.93611 175.61562 63.760952 63.650085 128.57626 128.68713 अपने
