135.2185 146.46677 140.70941 129.46115 32.67169 34.378136 72.328445 70.622 है
153.43263 180.81038 180.92897 153.55122 44.211815 44.07081 67.09618 67.23719 अब
189.16779 226.129 226.24792 189.28671 43.964493 43.774117 66.86276 67.05314 अगर
127.73256 150.54492 146.0974 123.28503 82.01645 85.47725 114.79379 111.33299 इस
157.92545 196.90308 196.9621 157.98447 85.39646 85.2898 106.86042 106.96708 समय
378.03018 416.8455 362.74692 323.9316 61.90016 83.594986 180.38545 158.69063 कर
1.4060822 122.44937 122.625465 1.5821762 27.265577 27.039543 121.3398 121.565834 कल
126.25209 163.51875 241.71776 204.4511 192.38158 156.27167 236.97566 273.08557 और
340.69934 358.89203 336.41125 318.21857 82.88901 92.7815 134.1246 124.23211 पथ
416.54724 483.87848 496.13947 428.80823 95.30986 4.1621857 13.219429 104.3671 हार
220.74715 296.8081 296.9074 220.84645 70.174446 70.01272 116.71703 116.87876 मनोरमा
