361.37183 403.60382 348.84753 306.61554 18.974533 140.53795 159.56068 37.99727 बात
395.2835 429.73944 377.685 343.22906 116.58829 136.84229 225.39694 205.14294 पर
105.15438 237.64163 237.80862 105.32137 344.26346 343.71945 384.38504 384.92905 पर
152.76604 220.6899 220.91103 152.98717 24.414484 24.065544 67.10899 67.45793 रुपए
131.46257 166.55577 240.75081 205.65761 194.46535 160.52435 237.23808 271.17908 रही
33.122406 104.90607 91.34842 19.56476 27.851517 37.097305 142.3579 133.1121 एक
154.68277 204.92053 207.90887 157.67111 169.08684 161.47667 181.20393 188.8141 भला
357.39963 379.884 354.0397 331.55533 137.79274 199.21663 208.67702 147.25313 जज
101.03781 149.27911 149.42456 101.18326 382.52036 382.0925 398.4921 398.91995 पर
126.62744 149.13849 144.49963 121.98858 29.000938 32.37014 63.36431 59.99511 हार
116.72192 148.7428 148.82211 116.80123 71.9429 71.831055 94.54198 94.653824 गया
