76.40322 164.20871 164.31781 76.51232 64.52083 64.346634 119.344574 119.51877 तरफ
177.00475 248.54433 248.654 177.11443 64.03968 63.89776 119.17727 119.31919 रख
125.68564 241.46384 241.44183 125.66363 337.10922 337.18442 371.0895 371.0143 संकट
408.2707 487.86572 505.352 425.75696 115.64362 8.470581 21.457237 128.63028 वह
137.79176 195.84962 200.16786 142.11 180.11139 171.1767 199.23672 208.17142 कर
166.20097 184.5157 231.57616 213.26143 209.83124 192.32416 241.55573 259.0628 देर
347.4081 382.49918 328.12454 293.03348 9.484024 27.903831 131.49133 113.071526 वह
22.077957 82.05522 67.24835 7.2710843 25.284637 32.857864 150.12317 142.54994 धर्म
123.75933 199.52185 199.73007 123.96755 376.78012 376.08682 398.84097 399.53427 लोग
134.84793 186.8363 191.16385 139.17548 224.11295 215.46835 241.4942 250.1388 रहा
255.77484 285.54498 275.78766 246.01752 65.80815 71.164444 125.39537 120.03908 हुए
