137.23776 199.15771 198.85062 136.93066 339.51532 340.22882 366.87866 366.16516 हुए
17.06186 38.254906 34.493713 13.300668 41.468086 44.13002 74.07484 71.4129 पर
54.385254 81.30474 75.40706 48.48757 27.06643 30.66056 74.83326 71.23913 रखे
6.3889866 49.486053 49.520134 6.423067 104.55153 104.49605 130.9725 131.02798 आया
66.17393 96.64456 90.619896 60.14926 87.29895 91.50362 135.1635 130.95883 और
413.82416 479.89996 495.6192 429.5434 123.284004 35.103104 46.881874 135.06277 हर
153.62086 227.46031 227.55693 153.71748 369.4689 369.08298 387.5712 387.95712 पास
215.68086 251.90724 252.00807 215.7817 64.88629 64.757385 93.09837 93.22728 कर
406.94983 476.5409 490.30267 420.7116 102.18062 7.6355286 17.765045 112.310135 पर
109.94973 169.38748 169.53403 110.096275 384.94333 384.38278 399.92105 400.4816 बना
109.58079 215.2576 215.45612 109.779305 25.45241 25.220863 115.81993 116.051476 अन्याय
