51.864178 104.8981 105.075226 52.0413 35.59665 35.33613 71.39339 71.65391 मगर
117.63272 157.58969 150.38293 110.42597 29.061218 34.961525 83.76576 77.865456 एक
407.42853 485.79633 501.8271 423.4593 110.70352 4.805153 16.668358 122.56673 यह
379.39694 427.25064 429.4172 381.5635 580.9516 573.12006 586.35846 594.19 पिघलने
106.80007 239.93729 240.00046 106.86324 337.75064 337.53928 377.33835 377.5497 नाम
163.94798 206.471 196.63017 154.10716 66.95468 73.72998 135.49289 128.71759 घर
140.27274 174.1854 239.23282 205.32016 200.29236 167.55383 234.93411 267.67264 वह
421.46112 476.55664 480.01666 424.92114 566.8838 557.78503 578.7363 587.8351 हुआ
12.253101 49.1863 49.26195 12.328754 80.3928 80.29606 109.178825 109.275566 तक
60.35274 105.75766 105.83357 60.428654 80.166916 80.04799 109.03064 109.14957 लगा
419.34143 489.35846 503.5423 433.52527 130.90155 38.285645 49.00853 141.62444 कर
