136.60564 163.07777 215.71394 189.2418 200.87816 175.25935 229.64882 255.26762 यह
356.87363 404.57468 345.28415 297.5831 31.402512 57.016464 167.43367 141.81972 इतनी
59.759415 73.783554 70.85243 56.828293 25.521172 27.409729 49.17576 47.2872 हर
56.821533 79.71568 75.62761 52.73346 47.337418 50.42045 80.77792 77.69489 चीज़
52.578365 67.54512 63.804035 48.837284 78.84659 80.862076 108.64279 106.627304 को
72.251205 101.02405 101.076324 72.30348 88.33948 88.26149 107.54967 107.627655 बदल
160.42543 224.4246 224.34886 160.34969 339.85864 340.06104 364.01453 363.81213 और
153.93274 245.51013 245.57376 153.99637 78.01559 77.909515 132.85034 132.9564 यद्यपि
109.73165 170.05643 170.12912 109.804344 372.66827 372.36987 387.06915 387.36755 बाद
380.69595 404.42868 363.88596 340.15323 118.639084 132.39757 202.33174 188.57326 देश
10.619659 47.295284 47.395866 10.720242 62.72635 62.58384 88.469864 88.61237 गया
