16.274952 89.14305 89.31207 16.443966 46.67612 46.423515 95.17871 95.43131 अगर
115.23236 178.43362 165.82654 102.62528 18.889313 28.167206 114.047 104.769104 कोई
391.80826 458.7756 462.7668 395.79947 571.71436 560.6328 584.75244 595.834 निडर
106.88345 226.32666 226.45126 107.00806 351.53876 351.08173 383.64557 384.1026 उसकी
178.02434 209.82036 201.79332 169.9973 82.65373 87.838745 137.06293 131.87791 यह
347.3836 390.01862 393.11517 350.48016 579.7564 572.7225 591.49164 598.5256 पर
425.03458 466.29062 475.45663 434.2006 73.24425 17.053574 23.783401 79.974075 उन
425.27545 476.31262 489.15466 438.1175 94.89517 26.260498 35.809937 104.44461 और
427.44238 477.86792 490.45825 440.0327 121.08415 54.418503 63.941742 130.60739 और
141.28214 210.85849 211.04959 141.47324 384.01904 383.30426 401.90625 402.62103 बना
