351.6228 401.94275 339.46826 289.14832 6.299774 32.785965 151.47847 124.99228 पश्चिम
370.23962 440.28937 443.4682 373.41846 576.8339 565.41046 584.90314 596.3266 बाद
132.22458 215.30951 220.46127 137.37634 211.66043 198.14948 229.82996 243.34091 बढ़कर
114.59476 240.60468 240.63138 114.62146 339.42642 339.33212 374.99362 375.08792 साथ
108.91345 168.31895 158.16846 98.762955 48.85196 57.547104 126.89572 118.20058 उठा
147.48737 220.69156 220.9347 147.7305 374.34732 373.65695 399.4363 400.12668 ऐसा
48.445927 58.52949 54.436916 44.35335 28.175095 29.508385 60.46025 59.12696 ने
65.045166 105.17366 105.291855 65.16336 38.20352 37.975555 58.780785 59.00875 आकर
40.165634 79.182686 79.26017 40.24312 69.71873 69.57122 90.06486 90.212364 सलाम
36.134968 70.390686 70.44554 36.189816 92.094765 92.02947 120.80195 120.86724 करने
395.5811 414.4083 389.6216 370.7944 156.00761 209.34709 218.09602 164.75655 रहा
163.2591 203.78839 203.8522 163.3229 87.07092 86.99576 121.40155 121.476715 एक
212.4546 297.2403 297.3329 212.54716 73.70894 73.51877 114.77971 114.96988 वायलिन
