359.2822 399.68094 399.75565 359.3569 5.6575346 5.548794 33.29954 33.408283 तरह
103.76758 175.32013 175.41101 103.85846 10.204192 9.75272 24.15416 24.605633 कहा
290.7436 441.57104 436.85974 286.0323 134.1868 143.6723 218.58578 209.10028 अभी
224.40729 279.88785 280.13528 224.65472 27.683304 27.101196 50.68405 51.26616 उस
507.99088 597.37305 597.46765 508.08548 55.3414 55.156754 100.97972 101.16437 बलिदान
355.6531 380.3442 381.00528 356.31418 32.206406 31.676628 62.48699 63.01677 हुई
148.31882 204.69876 205.06348 148.68353 31.258839 30.196552 49.553814 50.6161 गले
28.626694 87.653885 84.68507 25.657871 469.3855 475.79047 503.1507 496.74573 रहा
355.86826 430.0018 428.84702 354.71347 217.32083 222.16016 239.85052 235.0112 हरदयालसिंह
352.90506 377.97427 377.01346 351.94424 241.00476 242.69789 256.92407 255.23094 एक
10.921913 75.78607 73.92743 9.063269 408.21408 416.81424 430.83255 422.2324 चावल
279.62708 329.1848 329.6062 280.04846 41.43883 40.76776 71.88666 72.557724 पैर
