60.897804 110.10446 101.13471 51.92806 45.751106 52.42002 118.60342 111.9345 लोग
373.3455 411.59598 350.2424 311.9919 7.0942383 27.707626 141.55609 120.9427 यह
139.79199 239.3664 239.4036 139.8292 339.72092 339.6185 375.7759 375.87833 और
405.42227 466.18845 479.28964 418.52347 82.90328 -0.6839447 8.84034 92.42757 आँख
407.92798 457.9438 469.1457 419.12988 116.71088 49.389694 57.712067 125.03325 लड़
146.31523 169.35838 164.0566 141.01344 39.9264 43.485 77.81593 74.25733 और
133.51727 175.90497 175.97409 133.5864 84.172966 84.07569 114.19703 114.294304 दोपहर
149.50072 221.75029 221.92897 149.6794 378.34445 377.70364 397.8489 398.48972 करते
12.489254 60.04627 52.808193 5.251178 29.306976 35.215683 93.47229 87.56358 यार
108.35271 146.31087 146.2875 108.329346 355.5011 355.57874 366.99347 366.91583 लगी
