377.40808 419.5025 361.38885 319.29443 29.427765 52.50174 158.51999 135.44601 यह
133.59897 210.0741 215.12769 138.65256 195.57654 183.48532 215.44861 227.53983 करना
117.96388 216.28447 216.28862 117.96803 351.54028 351.5216 373.43604 373.4547 गाय
67.40787 121.69768 121.85161 67.5618 40.76564 40.501816 72.179085 72.44291 लक्षण
136.21387 168.92947 161.81552 129.09991 21.949265 26.907867 73.84393 68.88533 और
174.01878 218.56898 218.70985 174.15965 40.072575 39.844307 67.33899 67.56726 अन्य
60.961105 137.45091 137.52916 61.039352 80.05977 79.90901 119.61049 119.761246 मानसिक
393.45865 420.17807 384.9437 358.22427 149.99463 165.9945 224.83517 208.8353 सब्र
196.03998 219.53351 213.45706 189.96353 72.80149 76.71934 113.156975 109.23913 घूम
225.90295 285.6397 285.74152 226.00476 67.84067 67.65463 100.349106 100.53514 फिरकर
137.82634 212.8283 213.02278 138.02083 375.1408 374.49652 397.13654 397.78082 जॉन
1.2440453 56.9728 56.9755 1.2467422 111.926 111.92215 150.89023 150.89407 कचहरी
