423.1848 476.3802 480.48706 427.2917 565.8043 557.0017 581.8202 590.6228 पड़
127.543976 206.63141 212.89688 133.80945 184.89967 172.6566 213.13017 225.37325 रहा
22.19761 63.96109 64.1253 22.361818 35.624207 35.407455 67.04766 67.26441 समा
19.725296 52.318516 46.503548 13.910328 87.93924 92.09564 137.69489 133.53848 गयी
108.31816 210.14131 210.33894 108.51579 358.0772 357.45947 390.03467 390.6524 कुछ
360.22903 406.13382 369.02536 323.12057 12.611313 144.90567 157.7819 25.487556 तवायफ
402.50436 431.53085 397.58658 368.5601 134.44626 218.09866 229.87695 146.22455 अमर
378.49084 431.0074 434.48737 381.97083 577.0922 568.4019 589.43195 598.12225 मर
106.261505 136.87497 131.00803 100.394554 76.070755 80.56081 120.56209 116.07204 एक
146.138 195.94193 196.0191 146.21518 80.42296 80.30415 112.65245 112.771255 तरफ
63.485752 110.13736 110.32643 63.674824 32.884098 32.65368 70.9337 71.16412 जाए
