277.538 423.46005 415.05826 269.1362 102.57782 112.128296 240.49951 230.94904 वह
81.875206 146.72577 146.82498 81.97442 12.714799 12.218637 25.185719 25.681879 पकड़
167.92859 205.41315 205.50754 168.02298 12.05642 11.769632 24.105911 24.392698 कर
355.94693 405.57718 405.64072 356.01047 6.7661433 6.637001 31.063309 31.192451 अगर
505.9303 572.17053 571.61304 505.3728 85.22511 85.7603 154.75868 154.2235 और
184.41669 372.8559 341.17828 152.73909 358.68506 409.22473 527.33594 476.79626 आप
124.13939 178.54047 164.90187 110.500786 151.06627 161.95488 230.09529 219.20668 यही
218.43286 278.90448 277.42355 216.95195 167.58432 171.29861 195.40848 191.69418 बस
109.0934 134.25969 128.72853 103.56224 269.82022 276.56882 297.1951 290.4465 अब
102.01884 127.42661 122.08425 96.676476 305.2404 312.05435 331.97495 325.16098 तक
134.71196 154.64674 150.01689 130.0821 314.00812 318.07123 340.78662 336.7235 वह
165.05913 193.57985 186.53502 158.0143 312.66684 319.0364 350.58066 344.2111 बेहद
97.48872 143.71478 136.26 90.03393 330.9124 343.31097 371.10498 358.70642 कमजोर
