5.4521008 46.930763 47.02449 5.545828 70.3 70.16597 99.17169 99.305725 आप
58.835243 117.55067 117.683495 58.96807 58.02794 57.838203 98.94336 99.133095 अपनी
127.37851 230.142 230.23679 127.4733 69.581116 69.24902 98.57965 98.91174 आवश्यकता
133.91933 226.2541 225.80461 133.46983 337.8631 338.97845 376.18915 375.0738 और
388.8404 419.1524 370.586 340.274 21.05423 37.788177 125.76172 109.02777 देश
172.71658 217.54709 217.57516 172.74466 102.965996 102.93135 139.25055 139.28519 बात
154.18349 223.68022 223.9264 154.42967 379.96646 379.23306 402.56277 403.29617 उसे
376.17572 393.9431 367.0453 349.2779 114.49138 124.71736 171.45174 161.22575 पर
397.9965 426.683 386.25888 357.57236 138.02048 155.15201 222.84164 205.71011 चली
392.707 475.13034 478.43155 396.0082 575.57227 562.1105 582.3229 595.78467 श्वसन
