340.738 373.7131 329.35318 296.37808 20.59024 37.88353 122.469604 105.176315 रहा
118.67732 220.82256 220.78755 118.64232 350.86252 351.09433 366.51724 366.28543 हाल
107.2285 188.78593 188.90373 107.3463 379.5475 378.92926 394.47125 395.08948 यह
53.68676 107.85578 108.04772 53.8787 27.44677 27.150558 62.251625 62.547836 साथ
52.215546 95.52669 88.41336 45.102222 74.9167 80.74049 133.64183 127.81804 चले
381.4754 399.84662 369.92767 351.55646 61.755943 72.060234 125.40185 115.09756 पर
404.09924 485.87323 500.38007 418.60608 116.719986 6.317581 17.062653 127.46506 आप
105.79492 154.16083 145.51465 97.148735 30.39798 37.414528 97.01376 89.997215 बहुत
160.10446 229.59958 229.76971 160.2746 37.225235 36.88936 72.09143 72.42731 तलाश
375.8789 403.12012 358.42407 331.18286 124.11423 139.87952 217.11093 201.34564 भूत
