116.56583 192.49414 192.69629 116.767975 36.74426 36.48403 95.467545 95.727776 आज
380.7347 427.1448 360.61002 314.19992 7.684799 32.89833 155.36783 130.1543 गए
403.2429 482.19852 497.4514 418.49576 114.840904 8.052696 19.330132 126.11834 अब
135.6755 189.1102 193.05142 139.61673 190.03322 181.66411 206.8278 215.19691 आप
171.77838 237.61963 241.7233 175.88205 227.54646 216.41722 240.69475 251.82399 आराम
24.213581 76.37498 60.961025 8.799632 21.886734 28.492874 150.19994 143.5938 हुई
382.61285 416.6789 363.50592 329.43988 109.6165 129.29753 221.33498 201.65395 इस
419.69806 487.61584 503.2536 435.33582 130.42993 40.59082 52.412872 142.25198 रहा
198.55891 241.2855 229.43636 186.70976 52.210464 59.326935 130.468 123.35153 पर
412.47052 436.0551 406.38165 382.79706 141.70256 210.27934 220.48448 151.9077 आप
