468.7313 562.9957 563.537 469.27255 53.465656 52.72013 121.1646 121.91012 बाद
438.10413 510.9856 494.29016 421.4087 393.48297 413.03137 475.27625 455.72784 हाथ
355.68588 386.61594 386.67075 355.7407 9.848577 9.775852 33.082188 33.15491 यह
356.37494 391.76978 391.7647 356.36987 41.792473 41.8013 62.05562 62.04679 सब
255.99515 303.33234 301.82022 254.48302 248.41992 251.73016 273.35425 270.044 आता
144.46184 191.26448 191.33583 144.53319 7.2447586 7.0235786 22.122326 22.343506 लोग
142.22801 181.74928 181.92348 142.4022 29.06935 28.378006 38.33513 39.026474 उस
172.70657 340.69995 314.42825 146.43489 385.213 430.28253 528.2084 483.13885 अचानक
266.16202 344.09457 342.74966 264.8171 137.21005 141.70001 165.04373 160.55377 उसका
360.40112 469.30536 467.35553 358.4513 132.10497 138.37926 172.22267 165.94838 मनोरंजन
81.7809 141.41399 141.49092 81.857834 9.26499 8.92506 22.421633 22.761562 शाम
113.46588 142.1966 135.8118 107.08108 122.64891 127.83479 163.20772 158.02184 पर
105.53096 142.74298 132.7435 95.53148 170.15587 177.03603 231.11937 224.23921 कई
95.838295 132.04794 122.80285 86.59321 228.18668 234.8815 284.88467 278.18985 दफे
141.79677 171.8384 164.60191 134.56029 253.44733 259.64728 294.71143 288.51147 वह
84.69268 116.89257 110.12595 77.92606 294.91632 300.82263 337.71283 331.80652 इस
130.19762 172.74075 164.39622 121.85308 307.1198 318.529 349.6446 338.2354 शहर
219.05399 290.91446 291.61307 219.7526 24.300928 22.893837 58.571754 59.978844 आते
374.21365 427.88425 426.73514 373.06454 174.99997 178.25311 197.21161 193.95847 लौटकर
370.85144 400.96655 399.77515 369.66003 199.75385 201.66171 220.46765 218.55978 फिर
367.07028 401.11826 400.17166 366.1237 229.8162 232.07025 246.36865 244.1146 शहर
