144.78925 193.1655 193.33759 144.96133 28.71092 27.873573 37.814934 38.652283 वक्त
28.969368 106.28656 103.441826 26.124634 436.659 445.99017 469.5614 460.23022 समा
28.766693 99.70951 96.26614 25.323326 475.451 482.87378 515.7836 508.36084 गयी
497.4995 590.1117 534.1279 441.51575 342.24615 377.37115 524.9803 489.8553 सूई
441.01254 471.96982 472.2003 441.243 27.706444 27.5066 63.20751 63.407356 पर
492.13885 566.5022 566.4008 492.0375 13.685226 13.837517 63.303314 63.151024 उसकी
130.61343 203.67783 203.75278 130.68839 5.320499 5.059723 26.060179 26.320955 लगी
22.58176 55.225723 53.008068 20.364103 314.3099 319.67905 333.16226 327.79312 तीन
219.7962 304.38135 305.23907 220.65393 20.467062 18.702187 59.80961 61.574486 धनी
351.91055 464.0198 461.19077 349.0815 123.6026 130.14444 178.6265 172.08466 अगर
210.90463 323.4333 301.5281 188.99944 410.60516 440.78854 522.4546 492.2712 उसके
521.20306 580.48615 580.69037 521.4073 76.513916 76.26477 124.87207 125.121216 सब
213.546 258.6917 259.04352 213.89784 8.991276 8.165417 27.398243 28.224102 दिन
92.69623 219.0557 202.04547 75.686 280.39673 314.2876 377.70892 343.81805 आराम
