294.46933 334.21994 333.18906 293.43845 113.47768 115.63614 134.62053 132.46207 सब
288.86176 328.44446 327.19678 287.61407 156.75645 159.1071 180.1172 177.76656 एक
353.87097 406.33264 405.1449 352.68323 159.32603 162.4286 182.51198 179.40941 साथ
284.2322 341.5082 339.6815 282.4055 189.7114 193.37357 221.94342 218.28125 उठते
7.5737686 49.60578 47.272263 5.2402487 466.90686 471.55865 492.64362 487.99182 और
61.904152 103.678444 102.178154 60.403862 479.77017 484.4047 497.9279 493.29337 कम
6.3027496 43.131386 41.499367 4.6707306 499.53723 503.276 519.3522 515.6134 इस
227.67712 301.81897 302.6317 228.48987 21.577944 20.06268 59.828964 61.344227 और
99.5618 151.55276 151.58163 99.59067 3.300349 3.178049 15.448489 15.570789 बात
340.11203 379.2722 379.31277 340.15262 12.30645 12.222103 31.079678 31.164024 साथ
145.61125 211.05733 194.99455 129.54848 292.9334 310.484 370.38208 352.83148 कटाई
131.24358 161.74593 151.56813 121.06578 365.9216 372.42264 420.17624 413.6752 की
176.83836 228.43861 218.82674 167.22649 393.4175 407.2579 443.0933 429.2529 वजह
147.57411 196.8303 197.15565 147.89946 31.272871 30.34481 47.612106 48.54017 गये
386.58716 439.74323 428.83093 375.67487 411.85992 426.11774 466.8011 452.54327 तरह
464.9831 491.9077 472.74066 445.81604 415.45065 425.5953 476.4658 466.32114 के
500.28198 575.2892 564.3756 489.36844 442.35107 462.46997 503.15778 483.03888 दशक
156.74796 190.50552 190.60965 156.85208 17.104418 16.74726 26.588343 26.945501 पर
369.36975 391.98077 391.97888 369.36786 40.00724 40.009583 57.99073 57.988388 यह
271.27246 330.2873 310.98004 251.96521 442.30792 458.78705 527.9298 511.45068 कोई
