496.89166 584.1075 583.71136 496.49554 43.173187 43.530243 140.28928 139.93222 कर्ज
291.0742 315.09207 319.46603 295.44815 10.125458 1.4418697 13.539721 22.223309 पर
143.02635 252.28584 223.1086 113.849106 354.8863 383.401 495.19916 466.68445 शोर
276.40463 372.1387 352.819 257.08493 427.6684 453.35132 525.36615 499.68323 मच
283.40042 352.68008 349.88828 280.6086 105.013275 108.94827 158.10071 154.16571 तुम
274.88095 357.62088 354.2654 271.52548 173.6716 179.03448 230.80304 225.44016 खुद
98.1478 198.06833 198.25504 98.3345 11.856554 10.402349 23.231825 24.68603 माल
46.23519 97.872055 95.32215 43.685284 471.45862 477.13147 500.34198 494.66913 मैटर
353.45135 394.0152 394.10468 353.54083 7.872581 7.7706604 43.371094 43.473015 इस
484.2583 528.6393 508.75433 464.37332 356.69366 373.35095 426.33173 409.67444 एक
445.27167 542.5912 531.5894 434.26987 448.8656 474.9705 515.98553 489.88065 उलझन
434.8006 533.7467 533.6035 434.65744 11.524979 11.755325 73.23964 73.00929 आज
349.76447 388.45184 387.13855 348.45117 225.14586 227.7155 247.48808 244.91844 कर
346.91763 404.038 402.64767 345.5273 264.38596 268.42862 288.07272 284.03006 आया
