105.20714 204.02415 204.07341 105.25639 2.2254975 2.0531425 30.292599 30.464954 बच
51.57322 113.69123 111.97134 49.853325 485.04977 491.75662 507.68607 500.97922 रूप
212.14584 296.50272 296.90237 212.5455 13.556439 12.524178 45.18467 46.21693 भाव
350.4757 383.3817 383.41144 350.50543 26.656837 26.624481 56.850143 56.8825 देश
520.0965 594.90717 593.83575 519.0251 57.96576 59.016403 135.31003 134.25938 पर
246.8616 318.13657 315.9003 244.62534 102.75168 106.72606 146.83043 142.85605 हुआ
240.26343 314.38055 312.69354 238.5764 164.40862 168.95195 196.4731 191.92976 मगर
338.74924 436.233 433.47824 335.99448 156.54317 162.55467 207.22597 201.21446 ठहरने
444.38684 519.5897 519.4242 444.22134 9.511627 9.702011 75.092926 74.90254 वह
351.08975 428.03836 426.20792 349.2593 216.26689 221.36852 248.97719 243.87556 लाभप्रद
