11.979584 94.43787 90.20236 7.7440767 443.45468 452.7816 490.22726 480.90036 बेल
450.67792 516.993 516.9445 450.62946 27.71331 27.760483 95.92587 95.8787 फिर
242.6882 459.0268 451.42044 235.08183 111.20114 125.333984 241.76852 227.63568 कहने
354.80875 396.37234 396.38846 354.82486 32.206852 32.18478 62.516674 62.538746 एक
85.99018 130.63861 130.72787 86.07943 10.423917 10.139481 24.148022 24.432457 इन
151.96216 201.0069 201.08618 152.04144 10.003636 9.691193 22.136948 22.44939 दस
30.661636 117.54401 115.692215 28.809847 501.33276 510.10632 528.4442 519.67065 मतलब
541.7992 596.61804 595.20557 540.3867 20.615486 21.874092 83.39593 82.13732 तुम
253.80087 358.867 356.25497 251.18884 93.95978 99.79236 146.84439 141.01181 करती
361.8279 403.77628 403.83115 361.88278 6.750841 6.6416855 27.718569 27.827724 बाहर
490.53003 594.2008 594.5228 490.85205 99.404945 98.732086 148.34445 149.01732 अलग
224.2637 285.6715 286.04617 224.63837 13.596973 12.71217 38.714233 39.599037 पर
140.9158 198.46439 198.74033 141.19174 25.636154 24.74578 42.580055 43.47043 कुछ
