297.01688 316.6024 319.4966 299.9111 15.21991 8.191668 16.25699 23.285233 जब
352.5429 398.85626 398.93964 352.62628 4.5768824 4.448078 34.41693 34.545734 ऐसा
139.78682 218.23878 199.70284 121.25087 351.93634 372.97748 442.0888 421.04767 तक
487.5437 596.2534 596.1952 487.48547 29.735748 29.79129 143.7031 143.64755 रहा
35.28563 76.32028 74.22624 33.19159 465.26553 469.907 488.4202 483.77872 इस
85.21592 125.32168 125.39576 85.29 10.213649 9.963039 21.817436 22.068047 पर
146.6397 200.3991 200.47267 146.71327 6.7156286 6.4779396 23.118649 23.356339 इंटर
428.9666 521.9494 511.0124 418.0296 420.8653 445.8056 486.58124 461.64093 जानवर
533.61224 590.4976 579.8747 522.9893 448.92978 464.18784 503.79227 488.5342 तक
429.9332 483.92026 483.98465 429.9976 9.475043 9.399502 55.426285 55.501827 इस
230.69342 281.3617 281.59393 230.92566 22.569172 21.817158 37.463284 38.215298 डॉक्टर
51.436302 104.4877 102.17361 49.12221 499.5429 504.886 527.8625 522.5194 सब
159.37589 199.33215 199.52402 159.56775 26.386194 25.743534 37.671654 38.314312 वह
374.8713 406.12363 393.40256 362.15024 369.972 380.0324 419.55005 409.48962 बढ़
354.8581 395.31012 387.73615 347.28412 427.43445 438.28503 466.52167 455.67108 गया
339.6063 368.4518 357.7806 328.9351 479.52203 488.80768 521.9574 512.67175 वह
8.6166 107.429184 104.28961 5.4770246 433.87378 445.72345 471.90393 460.05426 पहला
148.28262 193.78244 194.05054 148.55072 40.668552 39.55982 50.561275 51.67001 एक
