5.9037476 75.356606 74.888725 5.435866 147.29208 147.919 199.75253 199.12561 दिल
267.10187 436.79987 435.9167 266.2187 52.68103 53.9834 169.06226 167.75989 लीडर्स
375.17664 443.45032 443.5155 375.24182 319.76276 319.67877 372.6942 372.7782 दशा
31.630463 92.42946 92.33571 31.536716 19.438816 19.642017 47.691288 47.488087 तबियत
102.09421 143.67317 143.60445 102.02548 25.88696 26.024319 46.825794 46.688435 आज
29.938545 70.81935 70.72194 29.841135 64.5453 64.739426 85.254 85.059875 आज
78.900505 118.367485 118.23463 78.76765 64.732315 64.92877 91.62138 91.42493 फूल
336.15308 367.2973 428.99762 397.8534 408.3005 384.3804 464.71475 488.63486 पर
317.95023 371.7086 371.75894 318.00058 344.5336 344.4492 376.4993 376.5837 गया
59.283707 81.79509 94.427826 71.91644 326.12775 316.16333 344.70282 354.66724 पर
165.44954 200.26549 196.03627 161.22032 13.3982315 17.165543 56.250237 52.482925 चुन
294.81595 359.2117 359.20694 294.8112 7.3388634 7.3459206 50.527767 50.52071 यह
371.9558 447.9419 447.95032 371.96423 7.126677 7.1098976 45.35633 45.37311 बात
