181.35938 213.11902 213.12506 181.36542 411.028 411.01874 431.64618 431.65546 वजह
74.58409 154.55692 146.23643 66.2636 14.702568 22.29284 109.95938 102.36911 और
328.02194 416.52 416.47183 327.9738 25.536713 25.639687 67.02587 66.9229 महत्व
311.7945 375.0545 374.836 311.576 110.04501 110.437515 145.65668 145.26418 तथा
295.35626 325.32672 383.93457 353.9641 387.37512 363.9328 438.86145 462.30377 औरत
362.65128 372.16757 411.58896 402.07266 395.92114 388.80914 441.55725 448.66925 ने
383.86627 443.42645 443.4361 383.87592 314.00604 313.99396 361.56134 361.57343 सब
4.9333725 92.62762 91.9879 4.293656 100.76926 101.49255 179.05402 178.33072 वह
339.0643 385.99625 386.05545 339.1235 338.8455 338.77176 376.47684 376.55057 एक
151.64835 180.94601 180.93887 151.6412 414.50656 414.5142 441.85385 441.84622 रहा
265.27826 329.1584 329.03046 265.15033 60.574677 60.784027 99.8145 99.60515 जब
209.67493 221.96286 218.65738 206.36945 62.717667 65.043915 82.504456 80.17821 उठी
