362.01727 425.6137 425.68475 362.08832 331.24835 331.1485 376.4146 376.51447 साथ
280.3015 351.41833 351.3343 280.21747 20.089134 20.201447 73.42811 73.315796 इस
265.55118 348.37833 348.06833 265.24118 99.01198 99.5401 148.15376 147.62564 तरह
358.0841 429.41754 429.0735 357.74005 99.33388 99.80394 152.0134 151.54333 इस
26.449036 138.75473 138.23978 25.93409 4.9083405 5.509323 101.73663 101.13565 ओर
181.79158 215.29338 212.26021 178.7584 403.29276 405.8171 446.071 443.54666 पड़ा
294.64044 350.49298 450.98816 395.13562 390.9744 347.1745 475.3234 519.1233 मगर
18.433395 64.73234 64.509384 18.21044 133.6048 133.95941 163.06992 162.7153 उसने
15.402695 64.929436 64.75524 15.228502 186.72006 187.1788 205.98447 205.52573 अपना
345.95322 441.1216 440.96658 345.7982 12.158913 12.367363 83.14754 82.93909 दिन
63.82384 94.826294 99.709656 68.7072 327.42154 320.5029 342.38516 349.3038 सब
