327.22867 415.8123 415.51303 326.9294 118.07109 118.70387 160.59251 159.95973 काट
48.211555 127.875984 127.57557 47.91114 29.134422 29.52732 90.43999 90.04709 पर
381.42184 419.34683 424.52145 386.59647 319.78546 315.81873 365.29205 369.2588 यह
314.36752 358.1689 441.8564 398.05502 388.24338 354.4421 462.88852 496.6898 विषय
289.714 357.49146 357.2699 289.49243 65.63739 65.9328 116.761765 116.466354 एक
363.54282 439.63644 439.39523 363.3016 51.95391 52.260918 112.045906 111.7389 दिन
277.65463 339.30124 338.9473 277.3007 132.9256 133.4314 176.56921 176.06342 रात
338.80997 371.5731 377.09457 344.33145 336.9345 332.94952 378.3449 382.3299 भर
56.154892 109.15485 114.52959 61.529633 327.97986 316.1504 340.23102 352.0605 अमर
295.248 323.8625 379.70477 351.09027 422.7059 399.8608 469.8057 492.6508 रस
