305.2186 371.49106 371.15323 304.88077 102.88954 103.33473 153.62856 153.18336 और
65.56988 86.18113 89.1027 68.49145 335.3197 330.72504 343.83087 348.42554 आप
90.70794 104.6329 112.69593 98.77097 329.71594 323.6129 342.00995 348.11298 इस
367.40884 419.81686 426.6971 374.2891 315.87234 310.40933 376.41306 381.87607 एक
58.236473 114.91984 114.76772 58.08436 21.979439 22.198174 61.615334 61.3966 साथ
183.23575 213.26663 210.49387 180.46298 407.00873 409.28766 445.8261 443.54718 वह
41.579285 94.92609 94.7368 41.390003 108.2735 108.629654 136.98138 136.62523 लगा
356.6666 429.98502 429.9161 356.5977 10.560478 10.648987 67.72744 67.63893 अंग
149.94827 179.22601 179.21884 149.9411 414.50873 414.51642 441.85352 441.84583 धन
53.371456 83.825836 88.01268 57.5583 314.72025 307.91043 326.6345 333.4443 बस
