378.3001 438.766 445.42743 384.96155 319.77408 313.85495 381.90384 387.82297 उसी
297.87085 426.2964 422.62927 294.20374 404.92404 416.25107 457.82852 446.5015 आकर
43.41208 68.66506 68.589836 43.336853 34.67774 34.769543 55.459835 55.36803 पर
77.79927 110.086334 109.97856 77.6915 28.527378 28.647243 57.6758 57.555935 ऐसे
165.22517 189.22746 186.70195 162.69966 405.90698 407.5935 443.53564 441.84912 कोई
13.947678 55.12856 54.94278 13.761899 66.10159 66.321655 101.0874 100.86734 और
8.88681 55.385525 55.161064 8.66235 118.81856 119.152756 150.38448 150.05028 उसी
3.70018 86.42656 86.19217 3.4657903 174.67029 175.4213 201.23993 200.48892 व्यवहार
380.9401 403.75162 447.3782 424.56668 396.72913 379.91278 439.0927 455.90906 भर
118.7159 188.71925 188.53487 118.53151 24.17694 24.465912 69.132576 68.843605 गया
57.84356 105.53115 111.39478 63.70719 326.44928 315.8039 342.07092 352.7163 नाम
