44.963287 188.29245 188.04544 44.716274 7.1120377 7.6981735 68.09826 67.51212 आज
311.2741 357.25494 441.01373 395.0329 392.51306 356.86145 464.88733 500.53894 करने
368.21686 416.54474 424.24182 375.91394 313.94095 308.85202 381.94797 387.0369 यह
163.55984 225.53177 225.5228 163.55087 407.51917 407.5354 441.8656 441.84937 जाकर
267.6277 326.81702 310.73682 251.5475 15.461761 27.152565 108.5648 96.87399 की
341.1056 441.4829 441.33398 340.95667 45.748108 46.048767 95.76221 95.46155 मगर
3.1191788 97.51696 97.0082 2.6104195 74.257645 74.92334 147.06706 146.40137 ओर
334.38123 376.95825 376.98853 334.4115 335.01184 334.974 369.0517 369.08954 गया
8.962418 86.34156 85.803215 8.424074 149.28474 150.00603 207.75969 207.0384 वह
295.81122 427.97064 427.32367 295.16425 97.356476 98.440796 177.29431 176.20999 सका
