349.87775 443.27905 440.31482 346.9135 429.41153 437.054 473.2811 465.63864 आपको
25.792068 136.57433 136.14932 25.367065 18.532013 19.116402 99.683945 99.099556 पर
278.89377 350.29922 350.20053 278.79507 21.805588 21.93396 76.83037 76.701996 इसी
267.3657 368.543 368.3574 267.18008 100.73813 101.296585 134.92784 134.36938 मतलब
392.61462 422.7077 410.8462 380.7531 81.240265 87.88043 141.63644 134.99628 से
10.336288 52.867752 52.628128 10.096663 141.19203 141.53142 171.56096 171.22157 सफाई
63.951065 90.58737 87.79332 61.157017 138.25063 140.78304 170.17119 167.63878 और
8.0977745 60.44756 60.297436 7.9476514 178.92476 179.3907 196.25722 195.79128 सजावट
69.33232 107.49263 112.374695 74.214386 327.34525 318.83054 340.71042 349.22513 गया
338.4101 448.20526 448.0807 338.28552 26.047707 26.288216 83.16313 82.92262 समय
137.78767 173.65276 173.56627 137.70119 8.195084 8.301067 37.568913 37.46293 कुछ
134.26093 199.38455 199.30173 134.1781 51.512558 51.78689 71.44794 71.17361 वकालत
