64.04262 101.491135 106.36928 68.92076 329.67776 321.3231 343.1887 351.54337 हाथ
383.86624 425.95615 430.87045 388.78055 314.006 309.70773 357.82986 362.12814 यह
309.2015 381.62112 381.58316 309.16354 42.86042 42.960533 70.40298 70.302864 समय
403.47504 427.7682 417.86157 393.56842 25.474113 30.828667 75.77412 70.41956 से
211.05678 221.8756 218.61247 207.79366 60.812393 62.863983 80.071686 78.020096 और
49.5375 91.958466 91.78405 49.36308 51.827362 52.033005 88.01416 87.80852 और
45.11171 89.83351 89.634476 44.91267 95.68959 95.972305 127.456696 127.17398 उसी
41.23607 84.13188 83.95007 41.05426 146.03467 146.37314 169.41528 169.07681 तरह
358.41037 387.35776 446.09012 417.14273 401.35092 379.57852 457.66586 479.43826 वह
55.086254 68.581955 70.76691 57.27121 343.16388 340.15765 349.96637 352.9726 घर
317.9025 384.27084 384.1924 317.82407 76.33173 76.55065 100.333824 100.11491 मकान
307.4809 350.48566 350.2998 307.29504 122.15881 122.44037 150.82935 150.54779 एक
360.82764 404.36707 404.1806 360.64117 122.40991 122.69495 151.18207 150.89703 एक
295.41052 330.54175 408.37073 373.2395 400.16788 372.48746 471.26572 498.94614 और
313.00043 392.12372 392.17108 313.0478 346.4322 346.30798 376.4673 376.5915 उसका
166.23161 210.10127 210.09544 166.22578 405.81845 405.8259 440.1636 440.15616 उसने
