363.94733 393.714 399.8941 370.12744 321.65005 318.2731 372.74796 376.1249 रहे
13.572067 111.19127 110.86029 13.241087 13.3759 13.834976 84.2153 83.756226 कौन
66.48623 90.360054 103.49822 79.6244 324.52 314.00308 343.8273 354.3442 घर
342.40704 381.9663 450.39478 410.8355 406.61792 376.4073 466.01074 496.22137 एक
174.02364 216.57573 216.5736 174.0215 411.01053 411.01382 438.4644 438.4611 जवाब
84.35846 117.06517 117.02652 84.31981 8.533804 8.614458 24.289114 24.20846 बात
126.52042 189.2988 189.26004 126.48166 8.595528 8.750343 24.467243 24.312428 अकारण
400.5422 447.31058 447.31168 400.5433 323.6955 323.69403 359.69757 359.69904 तरह
26.462555 92.49483 92.350296 26.318024 118.92633 119.3761 140.5936 140.14383 लगभग
22.345268 77.67131 77.39718 22.071133 155.68768 156.16287 188.0799 187.6047 पहली
