2.0162964 138.86404 138.27751 1.429769 3.6915207 4.460243 108.87318 108.104454 करने
295.86935 393.1082 392.74387 295.50504 129.58205 130.36958 175.35637 174.56883 आज
365.79547 433.8639 433.96594 365.89752 319.72876 319.6103 378.24597 378.36444 कपूर
56.40355 99.573975 105.19368 62.023254 326.7707 317.13367 342.30792 351.94495 उस
323.63544 355.0395 433.01685 401.6128 393.6565 369.51385 470.9447 495.08734 हुए
207.64613 225.00914 224.95174 207.58873 64.98569 65.056305 79.1712 79.100586 इधर
25.822353 46.332634 46.19076 25.68048 181.27695 181.46045 197.3186 197.1351 एक
25.821487 42.66234 40.67556 23.83471 195.57101 197.0893 219.12692 217.60864 पेड़
236.55884 447.13647 447.0636 236.48596 13.821335 14.098633 69.464264 69.186966 जागरुक
169.5191 206.0658 206.05817 169.51147 412.74744 412.75702 441.86053 441.85095 कर
