363.36075 386.82034 386.82376 363.36417 36.65863 36.65468 56.855164 56.859116 गए
212.20653 279.98804 280.31897 212.53746 7.1657534 5.82691 22.581081 23.919926 सलाम
222.64355 285.78217 286.00992 222.8713 30.438795 29.89244 56.21315 56.759506 करके
141.3314 196.16747 196.31935 141.48329 11.009142 10.629723 32.580856 32.960274 ऐसे
466.06165 582.83264 582.6566 465.88565 17.670815 17.87156 120.281334 120.08059 कर
35.422485 86.78551 84.09181 32.728794 443.9285 450.03183 472.7007 466.59738 हम
5.180992 77.03535 73.716545 1.8621898 485.52917 492.7467 525.7872 518.56964 फिर
344.99777 405.56662 405.64072 345.07187 4.5978665 4.4294167 31.063313 31.231762 सकती
280.20782 340.19934 340.29272 280.3012 44.978695 44.771812 71.84981 72.05669 पर
165.52109 215.68756 216.06131 165.89484 37.141075 36.011116 52.60463 53.73459 कंठ
