362.42508 437.7283 437.82053 362.5173 317.78577 317.66754 376.39563 376.51385 मटके
64.07444 92.06101 95.973595 67.98702 326.21225 319.96567 337.49533 343.7419 बज
22.814331 93.78288 93.58875 22.620197 12.477234 12.75383 62.564102 62.287506 लिए
306.38187 383.32974 383.11093 306.16306 77.54411 77.91264 123.60289 123.23436 लगा
18.435051 93.580414 84.77964 9.634281 92.87016 99.459366 199.826 193.2368 भूत
313.35632 436.07874 431.78937 309.06696 401.77637 412.77582 460.63312 449.63367 सुन्दर
171.22467 221.35449 221.34506 171.21524 405.7937 405.80682 441.8645 441.85138 अन्दर
96.79649 145.56172 145.50157 96.73634 5.184002 5.311455 28.323349 28.195896 अगर
90.736046 124.23005 124.11898 90.62498 47.65371 47.797882 73.59997 73.455795 वह
86.968735 122.18065 122.0517 86.83978 89.59704 89.799385 112.24085 112.038506 उस
