41.16809 76.57813 73.03062 37.620575 5.7733574 8.956566 48.41919 45.23598 कई
34.49347 73.340904 73.19841 34.350975 50.7555 50.93493 81.78646 81.60703 दफे
79.16747 111.77181 111.651085 79.046745 58.14881 58.301903 84.01409 83.861 वह
32.37458 66.055824 65.89239 32.211143 97.27202 97.480606 123.87041 123.66182 इस
76.70422 118.10593 117.94942 76.547714 97.49678 97.75162 123.17955 122.92471 शहर
60.253532 98.82452 104.93369 66.36271 324.75687 316.1453 343.50803 352.1196 एक
263.38977 434.81708 433.84833 262.42102 16.422882 17.610977 157.38832 156.20023 पेट
130.84695 179.23804 179.11972 130.72864 20.087952 20.259773 53.582344 53.410522 रूप
105.0589 144.7058 144.57298 104.92609 64.63028 64.82733 91.54776 91.35071 यह
355.59164 447.8163 447.44888 355.2242 169.88551 170.81706 207.19414 206.26259 पत्थर
386.62064 429.64072 436.35806 393.33798 319.80426 315.45648 381.92273 386.2705 हुए
