443.18396 571.4448 571.21173 442.9509 9.508591 9.833298 101.906296 101.58159 सकते
40.94319 105.1553 102.03224 37.820137 445.4498 452.97482 479.62424 472.0992 रहती
246.14966 454.96118 452.91602 244.10449 114.432434 126.25662 162.37341 150.54922 उजागरमल
238.56143 404.4804 400.6545 234.73552 167.85378 178.67262 237.34715 226.5283 सहयोगी
113.67666 204.02414 204.07687 113.72939 2.210724 2.0531387 32.285614 32.4432 और
470.2415 520.36975 493.27707 443.14877 298.33884 316.26462 392.02774 374.10196 पर
542.32074 591.6455 561.21747 511.89273 315.81342 335.37524 412.09882 392.537 पर
424.85587 483.2274 458.9775 400.606 425.2567 446.1302 513.9436 493.07013 हम
564.58484 595.95764 594.6841 563.3113 106.17758 107.23692 144.9534 143.89406 और
562.0463 595.087 593.86847 560.8278 145.29913 146.39694 183.06952 181.97171 गोल
151.45442 207.91698 208.22307 151.76051 37.45791 36.186142 49.77527 51.047035 आयी
369.34323 404.68265 404.75363 369.4142 4.530158 4.4318733 29.947948 30.046234 जब
193.10184 310.0625 278.22937 161.26872 375.31012 406.68896 525.34283 493.964 माल
503.27213 528.67566 528.8203 503.41678 99.32224 99.15737 121.447075 121.611946 एक
503.00116 529.1314 529.31525 503.185 136.2374 135.97073 153.98312 154.24979 रात
5.3979797 50.5015 48.434464 3.3309445 468.7941 473.79068 492.44955 487.45297 यह
5.370552 61.286064 58.898483 2.9829717 498.78577 504.3246 528.4275 522.8887 जीट
361.99753 442.4647 440.22928 359.76212 247.73145 253.37799 285.23425 279.5877 भाव
350.61124 397.19736 397.20975 350.62363 33.321194 33.30067 61.387585 61.408108 कहा
494.37122 564.91907 553.54846 483.00064 427.3181 446.24042 488.63318 469.71088 बनाओ
