54.0933 83.76072 88.68281 59.01539 314.55884 307.92505 329.93744 336.57123 नष्ट
302.96484 421.84778 418.2525 299.36957 421.1092 431.00415 474.19965 464.3047 मकान
40.58818 100.94353 100.77995 40.424606 26.088379 26.332878 66.71214 66.46764 दस
127.6951 198.78726 198.54465 127.45248 5.329933 5.6152115 66.07489 65.78961 और
354.5399 391.50577 398.24545 361.27957 323.15958 318.93698 377.93826 382.16086 गये
410.32968 444.83084 448.9387 414.43753 340.49564 337.16318 379.69168 383.02414 वह
302.50244 388.63983 365.43823 279.30084 7.1538086 24.641449 138.9237 121.436066 ऐसा
51.99285 72.12131 75.27868 55.150223 341.56012 337.07495 351.24463 355.7298 सिर
2.5999222 77.7161 77.23472 2.1185353 161.25668 161.97073 212.61185 211.8978 आप
85.43564 104.708466 115.51071 96.237885 322.5986 314.16983 338.86966 347.29843 रह
6.575531 78.139725 77.872635 6.3084435 87.6936 88.152466 129.80688 129.34802 तरफ
319.26105 344.82544 349.21704 323.65265 346.43954 343.08334 376.5347 379.8909 और
