54.963654 108.908356 114.52959 60.584885 327.0921 315.04993 340.23108 352.27325 करवट
170.25368 210.96645 210.95311 170.24034 405.81003 405.82443 443.558 443.5436 कर
20.141144 59.53981 59.480286 20.081617 24.645958 24.771545 43.44529 43.319702 हरदम
67.52726 113.904366 113.82665 67.44955 16.41397 16.558212 41.544365 41.400124 उसकी
120.92949 170.62201 170.57014 120.87763 24.893509 25.048065 41.720856 41.5663 तलवार
360.7441 394.08884 450.5311 417.18637 412.68704 387.4874 462.17313 487.37277 कहा
371.26227 440.30096 440.3907 371.352 338.90582 338.7622 381.9143 382.05792 चला
273.53326 390.11035 389.5893 273.0122 63.523605 64.25694 147.08363 146.3503 कर
12.392761 70.828255 70.63153 12.196039 107.89925 108.29111 137.62637 137.23451 काम
7.850727 45.68823 45.437794 7.600292 160.99878 161.32715 190.18448 189.85611 पर
356.21243 446.8867 446.2557 355.58145 141.5087 142.41507 205.5375 204.63113 कोई
