361.38043 408.65643 415.75067 368.47467 317.78177 312.66977 378.27768 383.38968 और
368.79636 444.7045 422.40573 346.4976 75.256 91.685776 194.7094 178.27962 तुम
166.84807 211.68465 211.67186 166.83528 407.5416 407.55753 443.55832 443.5424 साथ
55.93215 107.438286 113.54902 62.042885 325.72168 314.2221 341.5918 353.09137 कसक
320.03735 364.54626 364.59656 320.08765 344.53644 344.46655 376.51056 376.58044 तक
303.6903 373.6361 373.63757 303.69177 15.306337 15.303223 48.12394 48.127052 जल
287.8373 353.82828 353.58224 287.59128 77.866165 78.19783 127.149155 126.81749 भुन
275.55542 338.57056 338.2469 275.23175 142.56532 143.101 181.17464 180.63896 कर
335.78723 370.66364 438.18048 403.30408 412.73544 385.87247 473.53012 500.3931 क्षण
381.90228 439.83588 439.77283 381.83923 57.295357 57.42858 84.852196 84.71897 व्यय
