71.85923 95.167625 91.83207 68.523674 28.273102 30.4804 65.70292 63.49562 नई
102.944275 138.25055 138.17612 102.86984 39.825092 39.958614 59.640324 59.5068 बात
174.51053 226.24301 226.23087 174.49838 409.2498 409.2681 443.56345 443.54514 समय
375.5255 440.22778 447.4408 382.73853 313.97137 307.68304 381.89972 388.18805 एक
274.10327 441.50885 440.9812 273.57562 32.349747 33.241455 132.3021 131.41039 कर
1.9831467 98.82191 98.27809 1.4393284 76.28113 76.98219 152.10045 151.39938 करते
58.50821 85.70102 90.32837 63.13556 333.21487 327.15005 347.89774 353.96255 पर
36.381737 82.6859 82.40459 36.100426 171.5773 172.0004 202.7879 202.3648 उत्तर
337.00043 378.0365 384.01538 342.9793 331.18402 326.2951 376.48004 381.36896 पर
358.53796 400.65228 400.43494 358.32062 140.14272 140.46593 168.78993 168.46672 उसी
349.93463 397.31238 397.11115 349.7334 188.12373 188.60722 208.3243 207.8408 समय
414.78503 437.34442 429.84863 407.28925 175.54884 180.69188 213.57124 208.4282 जो
