457.82544 519.3451 519.2993 457.77966 27.7184 27.762161 92.09345 92.04969 पर
456.22675 591.3639 558.26886 423.1317 321.3332 357.57904 480.96863 444.72278 छूमन्तर
319.4371 456.2963 451.59482 314.73563 112.35347 120.64223 198.27034 189.98158 फिर
352.96283 381.30585 381.37317 353.03015 4.795437 4.717119 29.073944 29.152262 यह
353.47748 383.28265 384.00153 354.19635 29.317953 28.692425 62.94471 63.57024 देश
217.3671 293.3738 294.20047 218.19376 20.517742 18.931854 58.55141 60.1373 उसे
509.5833 593.5022 592.60455 508.68567 63.97516 64.77846 158.55338 157.75008 वह
158.52737 297.68073 273.956 134.80263 353.0493 390.3784 478.81827 441.48917 वयस्क
270.1665 334.4803 333.1314 268.81763 87.31666 90.6795 116.47683 113.11399 समय
521.4343 572.61707 572.5066 521.32385 9.706699 9.836277 53.49691 53.367332 कर
38.761665 95.056816 92.28507 35.98992 473.51343 479.59766 505.2436 499.15936 इसी
38.597885 102.838684 100.28201 36.041214 496.69635 503.1457 528.61237 522.163 ठहरो
250.94147 297.72784 296.48993 249.70355 151.92995 154.69456 175.64455 172.87993 बाल
246.14279 311.63333 309.66757 244.17703 186.69809 190.8967 221.55911 217.3605 दिवस
