38.548668 81.14942 81.053185 38.45243 21.971191 22.117516 50.134933 49.98861 कर
92.27437 147.12384 146.98933 92.139854 9.533058 9.719337 49.32518 49.1389 बोल
33.384735 77.49806 77.314545 33.20122 75.614204 75.86201 108.53074 108.282936 रहा
310.12454 445.45798 409.23203 273.8986 -11.713654 15.846497 193.7331 166.17294 रही
160.4105 205.89131 205.8846 160.4038 418.2627 418.27545 442.19977 442.187 अपराध
215.32788 232.46118 230.27124 213.13794 416.77286 418.24838 443.67728 442.20175 दर
302.96484 323.95453 363.26312 342.27344 421.1092 404.46155 454.0227 470.67035 मन
363.23016 438.73535 438.83057 363.32538 315.85574 315.7372 376.394 376.51254 स्तर
5.939705 49.194386 48.958706 5.7040243 188.2182 188.63098 213.32758 212.9148 एक
321.91818 442.31137 438.14468 317.7515 398.02786 408.99118 454.7477 443.7844 कथा
57.843555 103.1635 108.78381 63.46387 326.44922 316.33234 341.50922 351.6261 लगती
333.07867 365.90192 371.7589 338.93567 333.09265 329.04175 376.49927 380.55017 पेट
83.69426 133.62341 133.53596 83.60682 75.0359 75.28632 92.72071 92.47028 गणपति
81.41811 116.93285 116.824776 81.310036 97.74021 97.94967 116.2748 116.065346 करते
