494.38864 544.8551 544.8777 494.41122 39.663235 39.63867 86.13707 86.16164 कर
267.0427 426.652 420.71927 261.10995 134.74545 145.11407 236.44006 226.07144 घर
101.96652 199.07355 199.1293 102.02228 2.7628806 2.563982 29.788103 29.987001 अभी
350.2283 396.8597 396.93466 350.30325 14.489872 14.397808 52.361904 52.453968 कुछ
20.705795 87.073395 83.70506 17.337461 446.37204 454.01956 483.25095 475.60342 गयी
20.558678 77.454384 74.65038 17.754677 485.9394 491.78546 519.0749 513.2288 उसे
493.80887 569.6321 570.0122 494.189 93.737 93.28793 157.48044 157.9295 तक
250.23022 319.31665 318.11597 249.02954 103.07118 106.786575 129.11282 125.39743 गयी
329.45166 383.22723 382.018 328.24243 107.17265 110.06465 132.54942 129.65742 कई
216.70813 296.5042 296.8144 217.01831 21.062717 20.365223 55.851986 56.54948 बच
