15.538193 134.38005 134.35008 15.508228 50.73648 50.923386 69.978424 69.79152 सकारात्मक
15.544136 77.42244 77.37509 15.49679 84.63457 84.75125 109.85669 109.740005 निकट
164.05815 216.9561 217.06331 164.16536 305.93216 305.8063 350.85452 350.98038 जरा
47.866318 129.29213 118.54268 37.11687 337.87646 375.2777 398.68018 361.27893 पर
47.48024 136.64601 125.284805 36.119034 389.99554 429.02832 454.98163 415.94885 हम
441.12042 490.41498 485.2176 435.92303 436.14648 457.33075 469.4248 448.24054 उस
436.43753 489.38644 481.89944 428.95053 455.43488 478.6692 495.73132 472.497 और
371.95737 452.05148 452.10898 372.01486 15.167887 15.050144 54.143684 54.261425 करते
482.0161 540.1928 540.25323 482.07654 12.978543 12.893024 54.01412 54.099636 और
371.99353 474.05988 474.09167 372.02533 80.70388 80.58822 108.626274 108.741936 सम्मान
373.1129 436.12476 436.1471 373.13525 135.15935 135.10915 163.14449 163.19469 भाव
12.16317 105.934525 105.92665 12.1553 6.809189 6.8321495 38.98562 38.962658 चलकर
210.9195 247.52844 246.08789 209.47894 345.81012 347.08118 388.57227 387.3012 घर
465.953 567.1542 567.19946 465.9983 115.80637 115.738144 182.87686 182.94508 और
10.176819 131.17406 130.97661 9.979363 113.10397 113.404785 192.82901 192.5282 फिर
