12.526405 43.462547 41.024376 10.088233 493.03973 496.1703 520.26416 517.1336 के
61.1392 123.52979 121.932915 59.54232 506.35834 512.67206 528.45184 522.1381 ऊपर
350.13873 396.80408 396.90033 350.235 10.081809 9.972923 51.23621 51.345097 धूप
158.18945 193.29333 184.40152 149.29764 342.18652 350.14478 389.36664 381.4084 एक
211.31839 257.43576 249.30417 203.1868 356.43546 368.80392 399.1235 386.75504 उच्च
145.86871 184.0639 176.40643 138.21124 401.3963 411.64154 440.18933 429.9441 स्तर
136.81955 162.8006 153.76303 127.781975 444.88367 450.66687 491.26794 485.48474 की
177.09837 216.7611 209.53716 169.87444 468.66312 479.30338 506.2314 495.59116 परत
228.32947 303.07745 303.9348 229.18683 20.289015 18.72939 59.819283 61.37891 रही
469.81848 594.5598 594.60974 469.8684 41.654877 41.56938 114.40903 114.49452 मगर
7.827873 76.67421 73.855804 5.009466 428.4282 436.88034 459.83743 451.38528 उनके
7.776722 47.16066 45.334522 5.950585 466.27133 470.7026 486.93283 482.50156 पर
404.93304 440.72864 434.1933 398.3977 352.77673 362.37634 386.74554 377.14594 जब
458.53796 473.87817 460.64185 445.30164 353.11945 358.66644 395.27155 389.72455 वे
484.1927 574.90704 564.8792 474.16486 361.4301 385.7578 423.15002 398.82233 ऑपरेशन
394.95605 482.3211 472.7049 385.33984 382.72177 406.15353 442.00754 418.57578 ऑपरेशन
244.22113 349.1076 331.97565 227.08917 409.97455 438.1117 501.97424 473.8371 चावल
383.53812 452.4866 421.85226 352.90378 417.16455 440.22208 531.8271 508.76956 और
