12.287209 95.151436 95.08906 12.224829 52.938873 53.039764 104.2737 104.172806 वह
12.304016 93.2754 93.10903 12.1376505 149.21219 149.47513 200.70837 200.44543 रथ
183.23724 271.34723 273.38983 185.27985 44.184372 38.72074 71.661224 77.124855 रहा
445.95557 469.45032 468.8557 445.36096 386.07117 386.45996 422.3897 422.00092 भर
438.53717 468.24463 463.03583 433.32837 448.8509 461.792 473.74927 460.80817 पर
431.48767 474.22296 468.4582 425.7229 469.19336 488.23615 501.17334 482.13055 हाथ
141.9902 241.53494 241.60123 142.05649 337.98074 337.80148 374.60477 374.78403 कहकर
34.18924 136.41507 128.10849 25.882656 370.03012 415.37338 434.1005 388.75723 पड़ता
34.06276 146.1865 138.5577 26.433956 400.3947 448.72888 466.4259 418.09174 एकता
7.6486053 35.599464 35.543694 7.5928345 202.94592 203.07547 215.1087 214.97916 हाथ
43.76625 67.759346 67.71096 43.717865 203.10414 203.20924 214.25371 214.1486 रख
75.94478 98.97101 98.92259 75.89636 203.2451 203.34596 214.39766 214.2968 कर
7.6523647 30.617462 30.564077 7.59898 224.60626 224.71735 235.7532 235.64212 सर
7.656126 31.633944 31.564882 7.587065 246.26675 246.3937 259.4364 259.30945 एक
40.881546 67.9124 67.819 40.788147 240.42163 240.56131 258.63422 258.49454 ओर
181.02737 214.95178 215.79898 181.87457 28.00652 25.843494 39.130802 41.293827 वह
223.97403 258.2126 259.0637 224.82513 25.268232 23.08517 36.433907 38.61697 यह
49.91822 134.66661 122.093636 37.34524 329.2178 368.48117 395.61942 356.35605 गए
