466.98013 515.0635 515.0895 467.00613 121.857574 121.81592 151.86285 151.90451 इस
37.227715 134.66696 122.0648 24.625551 386.84805 429.449 458.27335 415.6724 कुछ
137.15619 174.23218 173.89154 136.81555 305.67648 305.95486 351.32388 351.0455 वह
4.184601 138.97322 138.96043 4.1718125 3.799324 3.8237839 74.20882 74.18436 भाग
382.90338 455.02582 455.10876 382.98633 8.727745 8.62825 68.77104 68.87054 रही
445.97217 463.0606 462.56427 445.47583 385.06482 385.3476 415.3421 415.05933 बुझ
40.93138 146.92879 139.72142 33.72402 352.47003 400.3824 416.3274 368.41504 सकता
183.58084 214.73569 213.90118 182.74634 340.8294 341.59674 375.4781 374.71075 यह
23.965004 88.8552 88.81427 23.924072 79.23378 79.34874 102.45126 102.3363 आया
22.878223 63.82846 63.762554 22.812315 130.58914 130.70602 153.79669 153.67981 तब
459.90768 576.2499 576.3552 460.01303 10.561655 10.422768 98.685486 98.82437 उत्तर
30.603485 86.700516 79.67764 23.580612 425.1931 448.77124 465.48004 441.90192 सर
30.475632 89.45389 82.37419 23.395935 463.41116 487.2756 504.77225 480.9078 एक
12.17947 60.210716 60.033436 12.002188 177.29211 177.4765 223.65497 223.47058 रहे
