30.15055 122.04298 114.01827 22.125847 400.4865 440.03253 458.67944 419.13342 रहता
318.92307 510.10538 510.20706 319.02475 9.771311 9.534782 91.74897 91.9855 तहत
7.1777954 139.06332 138.97226 7.086729 42.90547 43.038162 133.53485 133.40216 और
190.84378 270.52863 272.59616 192.91132 36.612255 31.610397 64.54817 69.55003 उसे
447.3615 460.34497 459.99188 447.00842 400.14227 400.36182 421.23828 421.01874 रह
414.95358 492.04324 492.08066 414.991 100.862236 100.79024 140.8648 140.93681 उसी
54.742485 110.413216 103.413185 47.742455 380.04022 404.71295 420.50763 395.8349 पर
9.025948 107.94591 107.8081 8.888142 136.56631 136.8612 183.08566 182.79077 करते
9.036835 97.05972 96.826416 8.803526 199.14128 199.51982 253.77168 253.39314 कोई
445.05643 503.52988 493.55484 435.0814 434.0865 459.12238 482.41998 457.3841 सूद
