24.110672 138.07408 137.97163 24.008228 57.96869 58.119507 135.54303 135.39221 रह
190.07472 255.00642 256.41876 191.48708 29.559965 25.43473 47.66519 51.79043 पर
145.47986 212.2417 211.41455 144.65271 307.02646 307.72922 386.30545 385.6027 जब
453.6383 465.745 465.20123 453.09454 391.28415 391.50528 421.27042 421.0493 रहे
42.48256 135.79337 125.61032 32.299515 386.91547 427.79706 451.03955 410.15796 सब
444.34906 500.8781 492.62787 436.09882 436.1273 460.3868 479.61136 455.35184 इस
17.15306 128.15627 127.97624 16.973034 144.2131 144.56183 201.86453 201.51581 गया
44.477844 149.11443 135.97577 31.339184 349.53552 397.02838 425.97552 378.48267 साथ
21.15889 56.13347 56.05307 21.078491 266.60074 266.8008 280.8541 280.65402 आपके
209.34366 265.4698 266.76822 210.64209 54.12512 50.714203 72.07971 75.49062 रहा
