142.99464 214.03215 214.14091 143.10341 309.78024 309.62704 360.06198 360.21518 बनवाते
23.66523 89.53434 89.51516 23.646051 17.845566 17.877022 58.055206 58.02375 हिल
24.768387 101.66038 101.613106 24.721113 58.972626 59.076004 94.24133 94.137955 अर्थर
23.67978 136.60553 136.52992 23.60418 100.0974 100.34712 134.53326 134.28354 कमांडर
23.686523 105.632904 105.526855 23.580473 138.21497 138.46207 173.6311 173.384 उनके
23.693611 105.67039 105.534615 23.557837 178.33942 178.65591 213.82529 213.50879 उनके
329.93445 552.1803 552.28827 330.04242 27.695663 27.518356 162.85161 163.02892 दिल
184.32593 272.0633 274.2229 186.48553 42.343067 36.88584 71.60651 77.06373 इस
447.20514 468.67328 468.20258 446.73444 385.09958 385.46066 413.4456 413.0845 अब
124.322495 145.9794 145.91304 124.25613 259.50864 259.56955 283.15384 283.09293 कर
211.76869 246.52266 245.07207 210.3181 347.71704 348.93536 390.31427 389.09595 यह
508.9923 572.11365 572.13025 509.0089 186.90445 186.88065 230.94931 230.97311 वह
