205.81358 243.99727 245.06389 206.8802 31.760788 29.347992 46.2278 48.640594 पर
196.7644 251.90091 252.92084 197.78433 58.618805 55.290062 72.1837 75.51244 आज
15.140289 135.99316 135.95856 15.105689 24.861633 24.937233 80.23654 80.16094 आज
64.98599 147.33124 135.19455 52.849308 393.45618 429.6471 457.26172 421.0708 भर
446.3332 468.60864 468.0279 445.75244 388.09308 388.46375 423.36298 422.9923 सिर
5.4905014 123.378044 123.25933 5.3717885 100.85936 101.12204 154.39754 154.13486 लेखक
5.5054016 69.52798 69.31284 5.29027 186.8927 187.15152 240.36774 240.10892 सूद
51.657425 145.24672 126.30696 32.717667 332.31192 375.58273 416.54703 373.2762 गई
75.99396 137.1322 136.9858 75.84754 172.51599 172.74426 211.95892 211.73065 कर
26.5727 108.70914 98.60647 16.470032 426.57468 460.99405 485.1025 450.68314 इस
