330.42218 365.41315 365.43036 330.4394 19.62068 19.607315 64.72396 64.73733 वे
391.22156 485.3426 485.3924 391.27136 32.570213 32.44024 68.5288 68.658775 मदद
330.4316 401.4243 401.4573 330.46463 97.56309 97.4922 130.5373 130.60817 कर
9.891914 93.725555 93.68198 9.848335 49.32596 49.421646 87.594666 87.49898 कर
9.907692 125.84784 125.69746 9.757311 139.97853 140.33247 189.5902 189.23625 खड़ा
184.75516 266.33685 267.85016 186.26846 35.220383 30.083931 54.119568 59.25602 अब
47.828606 141.6952 127.240166 33.37356 372.49173 414.2662 446.7465 404.97202 लिए
447.8895 469.29758 468.79007 447.382 393.1495 393.51352 423.3624 422.99838 उसी
453.94037 578.20233 578.2618 453.99982 81.7477 81.6378 148.80176 148.91167 चीज
9.302582 73.12757 73.11549 9.290506 9.816723 9.836407 48.996475 48.97679 और
9.319328 105.16268 105.09925 9.255898 106.08235 106.30646 133.43634 133.21223 असल
153.81677 206.66907 205.55624 152.70395 307.03235 307.74835 389.8954 389.17938 भूल
186.81912 245.49078 246.5039 187.83224 62.589508 59.06855 75.95059 79.47155 हाथ
48.131973 143.44373 130.04985 34.738106 331.82687 375.84903 404.84787 360.8257 चले
400.9653 457.0112 457.03665 400.99075 96.88352 96.82424 120.86639 120.92567 नरम
19.155869 100.18905 99.98423 18.951052 205.40364 205.76274 251.98033 251.62123 तब
