151.86794 216.60997 215.67125 150.92921 314.48145 315.315 388.2223 387.38873 लगी
445.90564 467.38885 466.79504 445.31183 389.08725 389.44278 425.3248 424.96927 लिए
11.522232 81.38901 81.33304 11.466265 62.966095 63.065933 102.233505 102.13367 लोग
11.53344 81.43325 81.34383 11.444018 127.147064 127.34155 159.47964 159.28516 तरह
101.81706 136.82643 136.8338 101.82443 115.34132 115.33458 153.63858 153.64531 से
11.542534 84.450134 84.348755 11.441157 179.29536 179.57838 205.69252 205.4095 काम
31.887009 116.66606 105.52011 20.74106 405.6698 442.00043 468.00995 431.67932 यही
323.96494 442.00607 442.08524 324.0441 59.874146 59.770493 149.92352 150.02718 खैर
15.137466 136.9698 136.95537 15.12303 8.815651 8.850662 59.123466 59.088455 कनस्तर
486.888 549.05927 549.1087 486.93744 34.42915 34.344078 70.44618 70.53126 यह
489.0829 583.2815 583.3131 489.1145 111.394356 111.309616 146.39206 146.47679 अन्य
40.30204 86.99841 82.131775 35.435402 461.58618 480.5924 492.54926 473.54303 फिर
