445.9056 469.38492 468.8403 445.361 389.08728 389.47583 422.38947 422.00092 वह
185.53831 245.03136 246.16695 186.6739 54.684967 51.063774 69.72049 73.34168 कर
475.58807 558.8123 558.86993 475.6457 9.193895 9.068054 47.166924 47.292763 जल
484.3804 550.5477 550.5969 484.4296 82.96224 82.89723 132.99393 133.05893 भुन
475.58145 544.693 544.7163 475.6047 156.70406 156.66292 195.71208 195.75322 कर
157.35284 202.59796 201.706 156.46088 318.47025 319.1439 379.0502 378.37656 हर
11.170425 134.19072 133.97972 10.959427 101.07254 101.3472 195.85788 195.58322 घर
181.51988 255.71986 257.24976 183.04976 28.32985 23.601662 47.610275 52.338463 कर
327.8318 397.8629 397.9101 327.87897 15.262736 15.1563225 46.20796 46.314373 लगती
327.868 366.86832 366.89603 327.89572 66.743645 66.69462 88.7219 88.77093 वह
333.39554 362.3774 362.38846 333.4066 100.1531 100.14244 130.19421 130.20486 भी
378.35577 447.38287 447.40393 378.37683 109.1263 109.05722 130.09082 130.1599 अटक
400.15683 467.2457 467.27847 400.1896 7.312775 7.203022 27.256012 27.365765 कहता
400.1616 437.20926 437.2399 400.19223 44.997112 44.945595 66.99208 67.0436 इस
41.051407 132.0265 131.96043 40.98534 48.960167 49.06324 107.37449 107.271416 फिर
