28.961578 139.90613 139.83832 28.89376 50.350914 50.47991 108.80085 108.67185 कर
30.076706 139.20491 138.96129 29.83309 157.09515 157.46753 228.86148 228.4891 इस
44.296013 93.337006 89.01653 39.975544 336.92224 359.43433 368.84613 346.33405 मगर
44.147568 83.11229 78.47594 39.51122 359.58252 377.1043 387.41455 369.89276 हम
44.000717 82.67404 78.151215 39.47789 381.99844 399.03104 409.30032 392.26773 हम
90.97217 139.3775 133.29755 84.89221 397.19653 418.62695 432.35992 410.9295 लोग
45.8013 94.81206 87.96881 38.958054 399.48022 420.72845 436.513 415.26477 और
326.0654 361.056 361.0701 326.0795 9.6085 9.59446 44.700623 44.714664 के
378.11716 446.1951 446.2408 378.16287 18.583834 18.468754 45.525574 45.64065 पतन
463.26614 504.3718 504.41306 463.3074 18.439892 18.377274 45.44455 45.507168 पर
326.06332 375.06686 375.105 326.10147 67.53753 67.479195 99.52654 99.58488 रहा
331.57834 386.5709 386.60587 331.6133 105.38436 105.3338 143.36575 143.4163 और
26.094559 71.98232 71.974815 26.087053 8.818798 8.831985 34.937996 34.92481 रहा
511.6323 544.70337 544.71936 511.6483 147.65431 147.6291 168.66798 168.69319 फिर
510.52722 564.6166 564.62573 510.53638 178.50874 178.47585 193.49666 193.52956 उठकर
511.61658 539.6681 539.6781 511.6266 196.32875 196.316 218.34624 218.359 बैठ
