45.950356 136.23563 127.3025 37.01723 390.66168 430.13483 450.5672 411.09406 इधर
154.66727 219.4607 218.39636 153.60294 312.50986 313.40933 390.0776 389.17813 जेल
440.9973 500.60864 493.19025 433.57892 440.54367 466.27408 483.4608 457.73038 चल
19.141403 140.17534 139.98546 18.951517 123.15628 123.48279 193.87207 193.54556 एक
446.6935 469.73972 469.33902 446.29282 391.11566 391.50122 415.4521 415.06653 उठा
180.76183 252.05052 254.08357 182.79488 28.120386 23.83548 57.659584 61.94449 गई
343.89737 573.2435 573.3672 344.0211 8.633997 8.421234 141.79108 142.00385 सकती
24.828545 107.35806 98.77239 16.242872 423.64572 458.30392 478.74844 444.09024 आए
476.4971 543.62695 543.657 476.52713 104.40268 104.33774 135.40569 135.47063 एक
476.49127 580.6517 580.6691 476.50873 170.11517 170.05667 201.09995 201.15845 स्वच्छ
221.90178 246.61131 245.57643 220.8669 346.12585 347.08356 373.78412 372.82642 भर
432.01572 480.08713 471.70096 423.62955 461.22226 482.47464 501.44363 480.19125 वह
17.567238 85.4091 85.39816 17.556295 7.211666 7.228855 50.41651 50.399323 वह
19.767899 115.675934 115.59535 19.687315 60.771286 60.90387 119.19528 119.0627 इतने
230.74237 281.79242 283.0409 231.99084 51.93351 48.826225 69.337944 72.44523 बढ़
349.94263 390.9812 391.02863 349.99005 20.827524 20.766842 52.83088 52.89156 पर
