41.796524 132.25735 119.03648 28.57565 343.53812 384.7748 413.77737 372.54068 यह
41.47017 142.85532 132.40366 31.01851 398.2684 442.1954 466.31827 422.39127 कब
445.87244 465.34576 464.88348 445.41016 391.09573 391.418 419.3508 419.02853 इसी
446.81805 500.0227 492.62775 439.4231 439.53397 462.4197 479.61142 456.72568 तब
475.97296 572.2144 572.27057 476.0291 45.661545 45.541885 90.66957 90.78923 अधिक
15.146957 139.08765 138.97412 15.033439 62.971268 63.14839 142.58476 142.40764 कुछ
7.1985016 132.25943 131.98676 6.9258237 162.23148 162.67197 240.08804 239.64755 दस
149.93356 219.1069 219.2031 150.02975 322.96973 322.86646 387.28674 387.39 ऑल
435.87302 478.92184 471.8746 428.82578 460.581 479.5699 495.54633 476.55743 बन
45.033966 100.95625 100.94379 45.021496 17.855774 17.882477 44.00451 43.977806 बज
