447.99182 470.2254 469.90234 447.66876 387.13202 387.51007 406.51074 406.1327 साथ
150.65591 173.51175 173.09332 150.23749 344.01434 344.30164 377.59015 377.30286 पर
191.12033 233.51077 231.97208 189.58163 326.18472 327.3398 383.80777 382.65268 ऐनक
427.45178 516.6248 516.6884 427.51538 36.714912 36.60183 86.729454 86.84254 और
427.4804 526.60736 526.63916 427.5122 106.87623 106.783646 140.83255 140.92513 अन्य
194.56503 261.63803 263.49738 196.42438 31.050755 26.80225 56.15675 60.405254 यह
13.009773 68.95574 68.84696 12.900996 141.99374 142.1669 177.30884 177.13568 वह
16.302803 81.32483 81.13706 16.115038 179.9156 180.16887 228.37654 228.12328 और
336.98605 416.99155 417.03043 337.02493 94.966736 94.88904 134.9274 135.0051 हुआ
18.170784 57.079033 57.051826 18.143578 41.11123 41.148888 69.25457 69.21691 की
66.12819 133.11873 133.09404 66.1035 48.18541 48.26017 70.37859 70.30383 तरफ
18.17646 90.054855 90.00351 18.125114 73.40634 73.52486 104.66382 104.5453 अपने
305.93463 418.99384 419.09393 306.03473 6.83124 6.6864624 84.84973 84.99451 धूल
