7.1981583 128.19734 127.98043 6.9812503 160.22594 160.64702 222.97658 222.5555 गया
442.84784 469.94043 469.48077 442.38818 400.0589 400.55902 425.46112 424.961 सलाम
336.25494 505.44415 505.5384 336.34918 4.755139 4.528015 74.71582 74.94295 आदर्श
333.0345 501.09912 501.14868 333.08405 100.91361 100.77954 162.89243 163.02649 मिश्रण
137.38791 218.8157 218.93982 137.51202 305.9393 305.79984 378.26962 378.4091 निपटान
496.35498 558.48694 558.51514 496.38318 131.63048 131.58315 168.65749 168.70482 इस
496.35178 576.4802 576.4935 496.36508 188.51755 188.48068 217.52826 217.56512 काम
37.37681 135.07016 122.87258 25.179222 356.53784 400.46893 427.59375 383.66266 बात
28.088356 120.982704 120.95107 28.056726 14.838249 14.876717 91.26623 91.22776 हर
520.06696 579.2465 579.2839 520.1043 25.55586 25.46762 50.546448 50.63469 जहर
60.571045 132.00568 122.78876 51.35413 320.4203 353.92236 373.57507 340.073 पर
