465.9796 506.05237 506.0786 466.00586 120.64915 120.61415 150.66867 150.70366 और
463.77673 528.8626 528.8813 463.7954 161.50832 161.46791 191.51552 191.55592 घेरकर
51.039978 101.04465 100.96733 50.96266 141.3085 141.46243 166.58075 166.42682 हम
154.76851 201.15648 199.96602 153.57805 305.21722 305.8612 391.6131 390.96912 इसे
451.4421 466.7551 466.35257 451.03958 400.2176 400.50024 422.30823 422.02557 वक़्त
336.20172 409.2578 409.32025 336.26416 5.229349 5.1183395 46.19062 46.30163 करने
336.2505 386.2575 386.29437 336.28735 78.737816 78.682076 111.72968 111.78542 इस
336.27512 420.26163 420.2925 336.306 125.177536 125.11116 164.15816 164.22453 दिवस
39.05053 122.935814 122.95191 39.066628 9.825889 9.810799 99.31172 99.32681 गई
198.04893 254.4496 255.80049 199.39983 54.811512 51.38392 73.612625 77.040215 दिन
7.206505 86.23209 85.99732 6.9717326 208.35898 208.7142 260.9449 260.58966 और
188.51918 241.21275 242.6209 189.92732 30.546251 27.203548 49.401382 52.744083 गये
198.03012 226.36832 225.2463 196.90811 348.13376 348.98416 386.3727 385.5223 ढंग
