343.67694 402.71143 402.7619 343.72742 44.079636 44.003387 83.06769 83.143936 वह
431.32187 491.4373 491.48776 431.37234 43.95238 43.87474 82.95308 83.030716 यह
343.72116 507.7784 507.81082 343.75357 123.38848 123.25899 164.28928 164.41878 समझता
49.687126 135.16647 123.51266 38.03331 333.91733 373.3497 398.6122 359.17984 उसी
51.252792 127.88391 119.64746 43.016342 378.94092 412.88892 431.48114 397.53314 तरह
49.139526 112.98164 100.888 37.04588 403.80243 430.50977 459.41882 432.7115 गई
456.18732 469.46985 468.94653 455.664 385.3522 385.60202 413.4246 413.17477 वैध
438.70996 499.67523 493.5548 432.58954 441.89755 468.27304 482.41995 456.04446 आज
182.84113 259.90256 261.31564 184.25421 30.01953 25.12368 47.365715 52.261566 बात
11.1545105 131.98901 131.95987 11.125366 9.817291 9.854553 104.358345 104.32108 और
504.00665 538.0623 538.0722 504.01654 184.91841 184.89967 202.9264 202.94514 यह
36.967987 104.006966 97.09927 30.060297 439.65613 467.50867 484.13495 456.2824 सब
13.131863 62.041306 61.980152 13.070709 128.35497 128.51195 147.56645 147.40947 स्तर
13.138027 46.12381 46.027576 13.041796 163.65643 163.77359 190.87018 190.75302 की
67.82287 116.86318 116.78454 67.744225 171.88306 172.0852 191.16187 190.95972 परत
513.03314 556.1513 556.18207 513.0639 86.73407 86.686874 114.74779 114.79498 किस
65.92882 120.79907 113.265305 58.39505 312.59628 338.56564 354.4836 328.51425 यह
62.025772 114.083664 113.97676 61.91887 205.59357 205.82428 229.9448 229.71408 आगे
