188.24066 265.8258 267.62427 190.03912 33.226162 28.326572 56.80544 61.70503 लगे
157.5543 216.02635 214.74547 156.27342 304.9389 305.8095 391.836 390.9654 और
435.70502 487.29266 478.05017 426.46252 455.81662 478.46915 499.51755 476.86502 पर
6.177063 128.98593 128.95566 6.146782 12.823807 12.869461 94.298325 94.25267 पर
28.389282 123.758316 110.19205 14.823014 401.95093 442.9063 474.49683 433.54144 उसे
124.83191 146.48022 146.3807 124.7324 260.68353 260.7484 293.9536 293.88873 भुन
123.56825 145.01137 145.075 123.63188 302.68912 302.6237 323.46933 323.53476 कर
7.1950226 140.2738 139.9933 6.9145217 142.17627 142.58875 233.09009 232.67761 यह
68.71199 150.66681 137.38995 55.435127 370.62875 407.48245 437.00742 400.15372 और
439.93805 485.81128 481.45892 435.5857 443.60034 463.46936 473.51807 453.64905 चल
